Time (x5 s) - Plot 0	P (mbar) - Plot 0	
0	1529.4	
1	1529.7	
2	1529.9	
3	1530.1	
4	1530.2	
5	1530.3	
6	1530.3	
7	1530.4	
8	1530.3	
9	1530.3	
10	1524.1	
11	1520	
12	1515	
13	1535.1	
14	1551.2	
15	1565.7	
16	1578.7	
17	1590.4	
18	1601.1	
19	1610.7	
20	1619.7	
21	1627.5	
22	1634.4	
23	1640.8	
24	1639.3	
25	1631.2	
26	1649	
27	1645.3	
28	1642.8	
29	1641.3	
30	1598.7	
31	1556.3	
32	1525.8	
33	1534	
34	1543.4	
35	1551.2	
36	1558	
37	1564	
38	1569.4	
39	1574.2	
40	1578.3	
41	1582	
42	1585.3	
43	1588.2	
44	1590.8	
45	1592.9	
46	1591.9	
47	1588.3	
48	1585.7	
49	1583.5	
50	1582.4	
51	1581.5	
52	1580.8	
53	1580.1	
54	1579.7	
55	1579.4	
56	1579.3	
57	1579.4	
58	1579.3	
59	1579.3	
60	1579.3	
61	1579.3	
62	1579.4	
63	1579.3	
64	1579.5	
65	1579.5	
66	1579.6	
67	1579.6	
68	1579.8	
69	1579.9	
70	1580.1	
71	1580.2	
72	1580.4	
73	1580.5	
74	1580.7	
75	1580.9	
76	1581	
77	1581.2	
78	1581.3	
79	1581.6	
80	1581.8	
81	1581.9	
82	1582.1	
83	1582.3	
84	1582.5	
85	1582.7	
86	1582.9	
87	1583.1	
88	1583.2	
89	1583.4	
90	1583.6	
91	1583.8	
92	1583.9	
93	1584	
94	1584.2	
95	1584.4	
96	1584.6	
97	1584.7	
98	1584.8	
99	1585	
100	1585.1	
101	1585.3	
102	1585.4	
103	1585.5	
104	1585.6	
105	1585.7	
106	1585.9	
107	1586	
108	1586.2	
109	1586.3	
110	1586.4	
111	1586.5	
112	1586.6	
113	1586.8	
114	1586.8	
115	1586.9	
116	1587.2	
117	1587.4	
118	1587.5	
119	1587.7	
120	1588	
121	1588.3	
122	1588.4	
123	1588.5	
124	1588.5	
125	1588.6	
126	1588.6	
127	1588.6	
128	1588.6	
129	1588.6	
130	1588.6	
131	1588.6	
132	1588.7	
133	1588.7	
134	1588.8	
135	1588.7	
136	1588.7	
137	1588.8	
138	1588.8	
139	1588.8	
140	1588.5	
141	1588.5	
142	1588.4	
143	1588.4	
144	1588.2	
145	1588.2	
146	1588.1	
147	1588.1	
148	1588.1	
149	1588.1	
150	1588.1	
151	1588	
152	1588.1	
153	1588.2	
154	1588.1	
155	1588.2	
156	1588.2	
157	1588.2	
158	1588.3	
159	1588.3	
160	1588.3	
161	1588.4	
162	1588.5	
163	1588.5	
164	1588.5	
165	1588.6	
166	1588.7	
167	1588.8	
168	1588.8	
169	1588.9	
170	1588.9	
171	1588.9	
172	1589	
173	1589.1	
174	1589.1	
175	1589.2	
176	1589.2	
177	1589.3	
178	1589.4	
179	1589.4	
180	1589.4	
181	1589.5	
182	1589.5	
183	1589.6	
184	1589.7	
185	1589.7	
186	1589.7	
187	1589.8	
188	1589.9	
189	1589.9	
190	1589.9	
191	1589.9	
192	1590	
193	1590	
194	1590.1	
195	1590.1	
196	1590.1	
197	1590.2	
198	1590.2	
199	1590.2	
200	1590.3	
201	1590.3	
202	1590.4	
203	1590.3	
204	1590.4	
205	1590.4	
206	1590.4	
207	1590.4	
208	1590.4	
209	1590.4	
210	1590.4	
211	1590.5	
212	1590.5	
213	1590.5	
214	1590.5	
215	1590.6	
216	1590.6	
217	1590.6	
218	1590.6	
219	1590.6	
220	1590.6	
221	1590.6	
222	1590.7	
223	1590.7	
224	1590.7	
225	1590.7	
226	1590.7	
227	1590.6	
228	1590.7	
229	1590.7	
230	1590.7	
231	1590.7	
232	1590.6	
233	1590.7	
234	1590.7	
235	1590.7	
236	1590.7	
237	1590.7	
238	1590.6	
239	1590.6	
240	1590.6	
241	1590.6	
242	1590.5	
243	1590.6	
244	1590.6	
245	1590.5	
246	1590.5	
247	1590.5	
248	1590.5	
249	1590.4	
250	1590.4	
251	1590.3	
252	1590.3	
253	1590.2	
254	1590.3	
255	1590.2	
256	1590.1	
257	1590.1	
258	1590	
259	1590.1	
260	1590	
261	1589.9	
262	1590	
263	1589.9	
264	1589.9	
265	1589.8	
266	1589.8	
267	1589.7	
268	1589.7	
269	1589.6	
270	1589.6	
271	1589.6	
272	1589.6	
273	1589.5	
274	1589.4	
275	1589.4	
276	1589.4	
277	1589.3	
278	1589.2	
279	1589.2	
280	1589.1	
281	1589	
282	1589	
283	1588.9	
284	1588.9	
285	1588.9	
286	1588.8	
287	1588.7	
288	1588.7	
289	1588.6	
290	1588.5	
291	1588.5	
292	1588.5	
293	1588.4	
294	1588.4	
295	1588.4	
296	1588.2	
297	1588.2	
298	1588.2	
299	1588	
300	1588	
301	1587.9	
302	1587.9	
303	1587.9	
304	1587.8	
305	1587.7	
306	1587.7	
307	1587.6	
308	1587.5	
309	1587.5	
310	1587.5	
311	1587.3	
312	1587.3	
313	1587.2	
314	1587.2	
315	1587.1	
316	1587.1	
317	1586.9	
318	1586.9	
319	1586.8	
320	1586.8	
321	1586.8	
322	1586.7	
323	1586.6	
324	1586.5	
325	1586.5	
326	1586.5	
327	1586.4	
328	1586.4	
329	1586.3	
330	1586.3	
331	1586.2	
332	1586.2	
333	1586.1	
334	1586.1	
335	1586	
336	1585.9	
337	1585.9	
338	1585.8	
339	1585.7	
340	1585.6	
341	1585.7	
342	1585.5	
343	1585.5	
344	1585.5	
345	1585.4	
346	1585.3	
347	1585.2	
348	1585.2	
349	1585.1	
350	1585.1	
351	1585.1	
352	1585	
353	1584.9	
354	1584.9	
355	1584.8	
356	1584.8	
357	1584.7	
358	1584.6	
359	1584.6	
360	1584.6	
361	1584.5	
362	1584.5	
363	1584.4	
364	1584.5	
365	1584.3	
366	1584.4	
367	1584.2	
368	1584.1	
369	1584.1	
370	1584	
371	1584	
372	1583.9	
373	1584	
374	1583.8	
375	1583.8	
376	1583.8	
377	1583.7	
378	1583.8	
379	1583.6	
380	1583.6	
381	1583.5	
382	1583.5	
383	1583.4	
384	1583.4	
385	1583.3	
386	1583.3	
387	1583.2	
388	1583.1	
389	1583.1	
390	1583.1	
391	1583.1	
392	1583	
393	1583	
394	1583	
395	1583	
396	1583	
397	1582.9	
398	1583	
399	1582.9	
400	1582.9	
401	1582.9	
402	1582.8	
403	1582.8	
404	1582.8	
405	1582.8	
406	1582.7	
407	1582.6	
408	1582.7	
409	1582.6	
410	1582.6	
411	1582.7	
412	1582.6	
413	1582.6	
414	1582.6	
415	1582.5	
416	1582.4	
417	1582.5	
418	1582.5	
419	1582.5	
420	1582.4	
421	1582.4	
422	1582.4	
423	1582.4	
424	1582.3	
425	1582.3	
426	1582.4	
427	1582.3	
428	1582.3	
429	1582.3	
430	1582.3	
431	1582.3	
432	1582.3	
433	1582.3	
434	1582.3	
435	1582.2	
436	1582.2	
437	1582.2	
438	1582.2	
439	1582.2	
440	1582.2	
441	1582.2	
442	1582.1	
443	1582.1	
444	1582	
445	1582.1	
446	1582.1	
447	1582.1	
448	1582	
449	1582	
450	1582	
451	1582	
452	1582.1	
453	1582	
454	1582.1	
455	1582	
456	1582	
457	1582	
458	1581.9	
459	1581.9	
460	1581.9	
461	1581.9	
462	1581.9	
463	1582	
464	1581.9	
465	1581.9	
466	1582	
467	1581.9	
468	1581.9	
469	1581.9	
470	1581.9	
471	1581.9	
472	1581.9	
473	1581.8	
474	1581.8	
475	1581.9	
476	1581.9	
477	1581.8	
478	1581.8	
479	1581.8	
480	1581.7	
481	1581.8	
482	1581.8	
483	1581.7	
484	1581.8	
485	1581.8	
486	1581.8	
487	1581.7	
488	1581.8	
489	1581.8	
490	1581.7	
491	1581.7	
492	1581.7	
493	1581.7	
494	1581.6	
495	1581.7	
496	1581.7	
497	1581.7	
498	1581.6	
499	1581.6	
500	1581.6	
501	1581.6	
502	1581.6	
503	1581.6	
504	1581.6	
505	1581.6	
506	1581.6	
507	1581.6	
508	1581.5	
509	1581.5	
510	1581.6	
511	1581.5	
512	1581.4	
513	1581.5	
514	1581.5	
515	1581.4	
516	1581.4	
517	1581.5	
518	1581.5	
519	1581.4	
520	1581.4	
521	1581.4	
522	1581.4	
523	1581.4	
524	1581.4	
525	1581.4	
526	1581.4	
527	1581.4	
528	1581.4	
529	1581.4	
530	1581.4	
531	1581.3	
532	1581.4	
533	1581.4	
534	1581.3	
535	1581.4	
536	1581.3	
537	1581.4	
538	1581.4	
539	1581.4	
540	1581.4	
541	1581.4	
542	1581.3	
543	1581.3	
544	1581.3	
545	1581.3	
546	1581.4	
547	1581.4	
548	1581.3	
549	1581.4	
550	1581.3	
551	1581.3	
552	1581.3	
553	1581.3	
554	1581.3	
555	1581.3	
556	1581.3	
557	1581.3	
558	1581.2	
559	1581.2	
560	1581.2	
561	1581.2	
562	1581.2	
563	1581.2	
564	1581.1	
565	1581.2	
566	1581.1	
567	1581.2	
568	1581.2	
569	1581.1	
570	1581.2	
571	1581.1	
572	1581.1	
573	1581.2	
574	1581.1	
575	1581.1	
576	1581.1	
577	1581.1	
578	1581.1	
579	1581.1	
580	1581	
581	1581.1	
582	1581	
583	1581.1	
584	1581.1	
585	1581.1	
586	1581.1	
587	1581.1	
588	1581.1	
589	1581.2	
590	1581.2	
591	1581.1	
592	1581.1	
593	1581.1	
594	1581.1	
595	1581.1	
596	1581.2	
597	1581.1	
598	1581.1	
599	1581.1	
600	1581.2	
601	1581.1	
602	1581.1	
603	1581.2	
604	1581.1	
605	1581.1	
606	1581.2	
607	1581.1	
608	1581.1	
609	1581.2	
610	1581.2	
611	1581.1	
612	1581.1	
613	1581.1	
614	1581.1	
615	1581.2	
616	1581.2	
617	1581.3	
618	1581.2	
619	1581.4	
620	1581.5	
621	1581.6	
622	1581.7	
623	1581.8	
624	1582	
625	1582.2	
626	1582.3	
627	1582.5	
628	1582.5	
629	1582.6	
630	1582.8	
631	1583	
632	1583	
633	1583.1	
634	1583.1	
635	1583.2	
636	1583.3	
637	1583.3	
638	1583.4	
639	1583.5	
640	1583.5	
641	1583.6	
642	1583.6	
643	1583.6	
644	1583.7	
645	1583.8	
646	1583.8	
647	1583.9	
648	1583.9	
649	1583.9	
650	1583.9	
651	1584	
652	1584.1	
653	1584.1	
654	1584.1	
655	1584.1	
656	1584.2	
657	1584.2	
658	1584.2	
659	1584.3	
660	1584.4	
661	1584.3	
662	1584.4	
663	1584.4	
664	1584.4	
665	1584.5	
666	1584.5	
667	1584.5	
668	1584.5	
669	1584.5	
670	1584.5	
671	1584.7	
672	1584.6	
673	1584.6	
674	1584.7	
675	1584.7	
676	1584.7	
677	1584.7	
678	1584.7	
679	1584.8	
680	1584.8	
681	1584.9	
682	1584.8	
683	1584.9	
684	1585	
685	1585	
686	1584.9	
687	1585	
688	1584.9	
689	1584.9	
690	1585	
691	1585.1	
692	1585.1	
693	1585.1	
694	1585.1	
695	1585.1	
696	1585.2	
697	1585.1	
698	1585.3	
699	1585.2	
700	1585.3	
701	1585.2	
702	1585.3	
703	1585.3	
704	1585.3	
705	1585.4	
706	1585.4	
707	1585.4	
708	1585.4	
709	1585.4	
710	1585.4	
711	1585.4	
712	1585.4	
713	1585.4	
714	1585.4	
715	1585.4	
716	1585.4	
717	1585.4	
718	1585.3	
719	1585.4	
720	1585.4	
721	1585.4	
722	1585.3	
723	1585.4	
724	1585.4	
725	1585.4	
726	1585.4	
727	1585.3	
728	1585.3	
729	1585.3	
730	1585.3	
731	1585.4	
732	1585.4	
733	1585.2	
734	1585.3	
735	1585.4	
736	1585.4	
737	1585.3	
738	1585.4	
739	1585.3	
740	1585.3	
741	1585.3	
742	1585.3	
743	1585.4	
744	1585.3	
745	1585.4	
746	1585.3	
747	1585.3	
748	1585.3	
749	1585.3	
750	1585.4	
751	1585.4	
752	1585.3	
753	1585.4	
754	1585.3	
755	1585.4	
756	1585.3	
757	1585.4	
758	1585.3	
759	1585.3	
760	1585.3	
761	1585.4	
762	1585.3	
763	1585.2	
764	1585.3	
765	1585.3	
766	1585.4	
767	1585.3	
768	1585.3	
769	1585.3	
770	1585.3	
771	1585.3	
772	1585.3	
773	1585.3	
774	1585.3	
775	1585.3	
776	1585.3	
777	1585.2	
778	1585.2	
779	1585.3	
780	1585.2	
781	1585.3	
782	1585.3	
783	1585.2	
784	1585.2	
785	1585.2	
786	1585.2	
787	1585.2	
788	1585.2	
789	1585.2	
790	1585.2	
791	1585.2	
792	1585.1	
793	1585.1	
794	1585.2	
795	1585.2	
796	1585.1	
797	1585.1	
798	1585.1	
799	1585.1	
800	1585.1	
801	1585.1	
802	1585.1	
803	1585.1	
804	1585.2	
805	1585.1	
806	1585	
807	1585.1	
808	1585.1	
809	1585.1	
810	1585.1	
811	1585	
812	1585	
813	1585.1	
814	1585	
815	1585	
816	1585	
817	1584.9	
818	1585	
819	1585	
820	1585.1	
821	1585	
822	1585	
823	1585	
824	1585	
825	1585	
826	1585	
827	1585	
828	1585	
829	1585	
830	1585.1	
831	1585	
832	1585	
833	1585.1	
834	1585	
835	1585	
836	1585	
837	1585	
838	1585	
839	1585.1	
840	1585	
841	1585.1	
842	1585.1	
843	1585.1	
844	1585	
845	1585.1	
846	1585.1	
847	1585.1	
848	1585.1	
849	1585.2	
850	1585.1	
851	1585.1	
852	1585.1	
853	1585	
854	1585.2	
855	1585.2	
856	1585.1	
857	1585.2	
858	1585.2	
859	1585.2	
860	1585.2	
861	1585.3	
862	1585.2	
863	1585.3	
864	1585.3	
865	1585.4	
866	1585.4	
867	1585.4	
868	1585.4	
869	1585.4	
870	1585.4	
871	1585.5	
872	1585.5	
873	1585.5	
874	1585.6	
875	1585.6	
876	1585.6	
877	1585.6	
878	1585.7	
879	1585.7	
880	1585.7	
881	1585.7	
882	1585.7	
883	1585.7	
884	1585.7	
885	1585.8	
886	1585.8	
887	1585.9	
888	1585.8	
889	1585.9	
890	1585.8	
891	1585.9	
892	1585.9	
893	1585.9	
894	1586	
895	1586	
896	1586	
897	1586	
898	1586.1	
899	1586	
900	1586.1	
901	1586.2	
902	1586.2	
903	1586.2	
904	1586.2	
905	1586.2	
906	1586.3	
907	1586.3	
908	1586.3	
909	1586.3	
910	1586.3	
911	1586.4	
912	1586.5	
913	1586.5	
914	1586.5	
915	1586.5	
916	1586.6	
917	1586.6	
918	1586.6	
919	1586.6	
920	1586.7	
921	1586.6	
922	1586.7	
923	1586.8	
924	1586.8	
925	1586.8	
926	1586.8	
927	1586.8	
928	1586.8	
929	1586.9	
930	1586.8	
931	1586.8	
932	1586.9	
933	1586.9	
934	1586.9	
935	1586.9	
936	1586.9	
937	1586.9	
938	1586.9	
939	1586.9	
940	1587	
941	1587	
942	1587	
943	1586.9	
944	1587	
945	1587	
946	1587	
947	1587	
948	1587.1	
949	1587	
950	1587	
951	1587	
952	1587	
953	1587.1	
954	1587	
955	1587	
956	1587.1	
957	1587.1	
958	1587.1	
959	1587.1	
960	1587.1	
961	1587.1	
962	1587.1	
963	1587.1	
964	1587.1	
965	1587.2	
966	1587.1	
967	1587.1	
968	1587.1	
969	1587.1	
970	1587.1	
971	1587.1	
972	1587.1	
973	1587	
974	1587.1	
975	1587.2	
976	1587.1	
977	1587.1	
978	1587.1	
979	1587.1	
980	1587.1	
981	1587.2	
982	1587.1	
983	1587	
984	1587.1	
985	1587.2	
986	1587.1	
987	1587.1	
988	1587.1	
989	1587.1	
990	1587.1	
991	1587.1	
992	1587.1	
993	1587	
994	1587.1	
995	1587.1	
996	1587.1	
997	1587	
998	1587	
999	1587	
1000	1587.1	
1001	1587.1	
1002	1587.1	
1003	1587	
1004	1587	
1005	1587.1	
1006	1587	
1007	1587	
1008	1587	
1009	1587	
1010	1587	
1011	1587	
1012	1587	
1013	1586.9	
1014	1587	
1015	1587	
1016	1586.9	
1017	1587	
1018	1586.9	
1019	1587	
1020	1587	
1021	1586.9	
1022	1586.9	
1023	1586.9	
1024	1586.9	
1025	1587	
1026	1586.8	
1027	1586.9	
1028	1586.9	
1029	1586.9	
1030	1586.9	
1031	1586.9	
1032	1586.9	
1033	1586.9	
1034	1586.8	
1035	1586.8	
1036	1586.8	
1037	1586.9	
1038	1586.8	
1039	1586.8	
1040	1586.8	
1041	1586.7	
1042	1586.8	
1043	1586.8	
1044	1586.7	
1045	1586.8	
1046	1586.8	
1047	1586.8	
1048	1586.7	
1049	1586.7	
1050	1586.7	
1051	1586.6	
1052	1586.7	
1053	1586.7	
1054	1586.7	
1055	1586.6	
1056	1586.7	
1057	1586.6	
1058	1586.7	
1059	1586.6	
1060	1586.7	
1061	1586.6	
1062	1586.6	
1063	1586.6	
1064	1586.6	
1065	1586.7	
1066	1586.7	
1067	1586.6	
1068	1586.6	
1069	1586.6	
1070	1586.6	
1071	1586.6	
1072	1586.5	
1073	1586.6	
1074	1586.5	
1075	1586.5	
1076	1586.4	
1077	1586.5	
1078	1586.6	
1079	1586.5	
1080	1586.4	
1081	1586.5	
1082	1586.4	
1083	1586.4	
1084	1586.4	
1085	1586.4	
1086	1586.5	
1087	1586.4	
1088	1586.4	
1089	1586.4	
1090	1586.5	
1091	1586.4	
1092	1586.4	
1093	1586.3	
1094	1586.4	
1095	1586.4	
1096	1586.5	
1097	1586.5	
1098	1586.4	
1099	1586.5	
1100	1586.5	
1101	1586.5	
1102	1586.5	
1103	1586.5	
1104	1586.6	
1105	1586.5	
1106	1586.5	
1107	1586.6	
1108	1586.6	
1109	1586.6	
1110	1586.6	
1111	1586.6	
1112	1586.6	
1113	1586.7	
1114	1586.7	
1115	1586.7	
1116	1586.6	
1117	1586.7	
1118	1586.7	
1119	1586.7	
1120	1586.8	
1121	1586.9	
1122	1586.8	
1123	1586.8	
1124	1586.8	
1125	1586.8	
1126	1586.9	
1127	1586.9	
1128	1586.9	
1129	1586.9	
1130	1587	
1131	1587	
1132	1587.1	
1133	1587.1	
1134	1587.1	
1135	1587.3	
1136	1587.2	
1137	1587.2	
1138	1587.2	
1139	1587.2	
1140	1587.3	
1141	1587.3	
1142	1587.3	
1143	1587.3	
1144	1587.3	
1145	1587.3	
1146	1587.3	
1147	1587.3	
1148	1587.5	
1149	1587.4	
1150	1587.5	
1151	1587.5	
1152	1587.5	
1153	1587.5	
1154	1587.5	
1155	1587.5	
1156	1587.6	
1157	1587.6	
1158	1587.6	
1159	1587.7	
1160	1587.6	
1161	1587.7	
1162	1587.7	
1163	1587.8	
1164	1587.8	
1165	1587.8	
1166	1587.9	
1167	1587.8	
1168	1587.8	
1169	1587.8	
1170	1587.8	
1171	1587.8	
1172	1587.8	
1173	1587.8	
1174	1587.8	
1175	1587.9	
1176	1587.8	
1177	1587.9	
1178	1587.9	
1179	1587.9	
1180	1587.9	
1181	1587.9	
1182	1587.9	
1183	1587.9	
1184	1587.9	
1185	1587.9	
1186	1587.9	
1187	1587.9	
1188	1587.9	
1189	1587.9	
1190	1587.9	
1191	1587.9	
1192	1587.9	
1193	1587.9	
1194	1587.8	
1195	1587.9	
1196	1587.8	
1197	1587.8	
1198	1587.8	
1199	1587.8	
1200	1587.8	
1201	1587.8	
1202	1587.8	
1203	1587.8	
1204	1587.8	
1205	1587.8	
1206	1587.8	
1207	1587.8	
1208	1587.7	
1209	1587.8	
1210	1587.8	
1211	1587.8	
1212	1587.8	
1213	1587.8	
1214	1587.7	
1215	1587.8	
1216	1587.8	
1217	1587.8	
1218	1587.7	
1219	1587.7	
1220	1587.7	
1221	1587.6	
1222	1587.7	
1223	1587.6	
1224	1587.7	
1225	1587.6	
1226	1587.7	
1227	1587.6	
1228	1587.7	
1229	1587.7	
1230	1587.7	
1231	1587.6	
1232	1587.6	
1233	1587.6	
1234	1587.6	
1235	1587.7	
1236	1587.6	
1237	1587.6	
1238	1587.6	
1239	1587.6	
1240	1587.6	
1241	1587.6	
1242	1587.6	
1243	1587.6	
1244	1587.6	
1245	1587.6	
1246	1587.5	
1247	1587.6	
1248	1587.6	
1249	1587.6	
1250	1587.5	
1251	1587.5	
1252	1587.5	
1253	1587.5	
1254	1587.6	
1255	1587.6	
1256	1587.5	
1257	1587.6	
1258	1587.5	
1259	1587.5	
1260	1587.6	
1261	1587.6	
1262	1587.5	
1263	1587.5	
1264	1587.5	
1265	1587.4	
1266	1587.4	
1267	1587.4	
1268	1587.4	
1269	1587.4	
1270	1587.4	
1271	1587.5	
1272	1587.4	
1273	1587.5	
1274	1587.4	
1275	1587.4	
1276	1587.4	
1277	1587.5	
1278	1587.4	
1279	1587.4	
1280	1587.5	
1281	1587.4	
1282	1587.4	
1283	1587.4	
1284	1587.4	
1285	1587.5	
1286	1587.4	
1287	1587.4	
1288	1587.5	
1289	1587.4	
1290	1587.4	
1291	1587.4	
1292	1587.4	
1293	1587.4	
1294	1587.4	
1295	1587.4	
1296	1587.4	
1297	1587.5	
1298	1587.4	
1299	1587.4	
1300	1587.4	
1301	1587.4	
1302	1587.4	
1303	1587.5	
1304	1587.5	
1305	1587.5	
1306	1587.4	
1307	1587.4	
1308	1587.4	
1309	1587.5	
1310	1587.4	
1311	1587.5	
1312	1587.4	
1313	1587.4	
1314	1587.4	
1315	1587.4	
1316	1587.4	
1317	1587.4	
1318	1587.4	
1319	1587.5	
1320	1587.4	
1321	1587.5	
1322	1587.5	
1323	1587.6	
1324	1587.6	
1325	1587.6	
1326	1587.6	
1327	1587.7	
1328	1587.7	
1329	1587.7	
1330	1587.7	
1331	1587.7	
1332	1587.8	
1333	1587.8	
1334	1587.8	
1335	1587.8	
1336	1587.9	
1337	1587.9	
1338	1587.9	
1339	1588	
1340	1588	
1341	1588	
1342	1588	
1343	1588	
1344	1588	
1345	1588	
1346	1588.1	
1347	1588.2	
1348	1588.1	
1349	1588.1	
1350	1588.2	
1351	1588.3	
1352	1588.2	
1353	1588.2	
1354	1588.2	
1355	1588.2	
1356	1588.3	
1357	1588.3	
1358	1588.3	
1359	1588.3	
1360	1588.4	
1361	1588.3	
1362	1588.4	
1363	1588.5	
1364	1588.4	
1365	1588.5	
1366	1588.5	
1367	1588.6	
1368	1588.6	
1369	1588.6	
1370	1588.6	
1371	1588.7	
1372	1588.7	
1373	1588.7	
1374	1588.7	
1375	1588.6	
1376	1588.7	
1377	1588.8	
1378	1588.8	
1379	1588.8	
1380	1588.8	
1381	1588.8	
1382	1588.9	
1383	1588.8	
1384	1588.9	
1385	1588.9	
1386	1589	
1387	1589	
1388	1589	
1389	1589.1	
1390	1589.1	
1391	1589.1	
1392	1589.1	
1393	1589.1	
1394	1589.2	
1395	1589.2	
1396	1589.2	
1397	1589.3	
1398	1589.2	
1399	1589.2	
1400	1589.2	
1401	1589.2	
1402	1589.3	
1403	1589.3	
1404	1589.3	
1405	1589.3	
1406	1589.3	
1407	1589.2	
1408	1589.3	
1409	1589.3	
1410	1589.3	
1411	1589.3	
1412	1589.3	
1413	1589.4	
1414	1589.3	
1415	1589.4	
1416	1589.4	
1417	1589.4	
1418	1589.4	
1419	1589.3	
1420	1589.4	
1421	1589.4	
1422	1589.4	
1423	1589.4	
1424	1589.4	
1425	1589.4	
1426	1589.3	
1427	1589.4	
1428	1589.3	
1429	1589.4	
1430	1589.4	
1431	1589.4	
1432	1589.3	
1433	1589.4	
1434	1589.4	
1435	1589.3	
1436	1589.3	
1437	1589.3	
1438	1589.3	
1439	1589.3	
1440	1589.3	
1441	1589.3	
1442	1589.3	
1443	1589.3	
1444	1589.3	
1445	1589.3	
1446	1589.2	
1447	1589.3	
1448	1589.3	
1449	1589.3	
1450	1589.3	
1451	1589.3	
1452	1589.3	
1453	1589.3	
1454	1589.3	
1455	1589.3	
1456	1589.3	
1457	1589.2	
1458	1589.3	
1459	1589.3	
1460	1589.3	
1461	1589.3	
1462	1589.2	
1463	1589.3	
1464	1589.3	
1465	1589.3	
1466	1589.3	
1467	1589.3	
1468	1589.2	
1469	1589.3	
1470	1589.3	
1471	1589.3	
1472	1589.3	
1473	1589.2	
1474	1589.3	
1475	1589.3	
1476	1589.2	
1477	1589.2	
1478	1589.2	
1479	1589.2	
1480	1589.2	
1481	1589.2	
1482	1589.2	
1483	1589.2	
1484	1589.2	
1485	1589.1	
1486	1589.1	
1487	1589.1	
1488	1589.1	
1489	1589	
1490	1589.1	
1491	1589.1	
1492	1589	
1493	1589	
1494	1588.9	
1495	1588.9	
1496	1589	
1497	1588.9	
1498	1588.9	
1499	1588.9	
1500	1588.9	
1501	1588.9	
1502	1588.8	
1503	1588.8	
1504	1588.8	
1505	1588.9	
1506	1588.8	
1507	1588.8	
1508	1588.7	
1509	1588.7	
1510	1588.8	
1511	1588.7	
1512	1588.7	
1513	1588.7	
1514	1588.7	
1515	1588.7	
1516	1588.7	
1517	1588.7	
1518	1588.8	
1519	1588.8	
1520	1588.7	
1521	1588.7	
1522	1588.7	
1523	1588.7	
1524	1588.6	
1525	1588.6	
1526	1588.7	
1527	1588.6	
1528	1588.7	
1529	1588.6	
1530	1588.6	
1531	1588.6	
1532	1588.6	
1533	1588.5	
1534	1588.5	
1535	1588.6	
1536	1588.5	
1537	1588.5	
1538	1588.5	
1539	1588.6	
1540	1588.6	
1541	1588.5	
1542	1588.4	
1543	1588.5	
1544	1588.5	
1545	1588.5	
1546	1588.4	
1547	1588.4	
1548	1588.3	
1549	1588.4	
1550	1588.4	
1551	1588.4	
1552	1588.3	
1553	1588.3	
1554	1588.3	
1555	1588.4	
1556	1588.4	
1557	1588.4	
1558	1588.3	
1559	1588.3	
1560	1588.4	
1561	1588.3	
1562	1588.3	
1563	1588.4	
1564	1588.3	
1565	1588.4	
1566	1588.4	
1567	1588.4	
1568	1588.4	
1569	1588.4	
1570	1588.4	
1571	1588.4	
1572	1588.4	
1573	1588.5	
1574	1588.5	
1575	1588.4	
1576	1588.5	
1577	1588.6	
1578	1588.5	
1579	1588.6	
1580	1588.6	
1581	1588.6	
1582	1588.7	
1583	1588.7	
1584	1588.7	
1585	1588.7	
1586	1588.7	
1587	1588.7	
1588	1588.7	
1589	1588.7	
1590	1588.8	
1591	1588.8	
1592	1588.8	
1593	1588.9	
1594	1588.8	
1595	1588.9	
1596	1588.9	
1597	1589	
1598	1589	
1599	1589	
1600	1589.1	
1601	1589.1	
1602	1589.1	
1603	1589.1	
1604	1589.1	
1605	1589.1	
1606	1589.2	
1607	1589.3	
1608	1589.3	
1609	1589.2	
1610	1589.3	
1611	1589.3	
1612	1589.3	
1613	1589.3	
1614	1589.3	
1615	1589.4	
1616	1589.4	
1617	1589.4	
1618	1589.5	
1619	1589.5	
1620	1589.5	
1621	1589.5	
1622	1589.5	
1623	1589.5	
1624	1589.5	
1625	1589.5	
1626	1589.5	
1627	1589.6	
1628	1589.6	
1629	1589.6	
1630	1589.6	
1631	1589.6	
1632	1589.6	
1633	1589.7	
1634	1589.7	
1635	1589.7	
1636	1589.7	
1637	1589.7	
1638	1589.7	
1639	1589.7	
1640	1589.7	
1641	1589.8	
1642	1589.8	
1643	1589.8	
1644	1589.9	
1645	1589.9	
1646	1589.9	
1647	1590	
1648	1590	
1649	1590	
1650	1590	
1651	1590	
1652	1590	
1653	1590.1	
1654	1590.1	
1655	1590.1	
1656	1590.1	
1657	1590	
1658	1590.1	
1659	1590.2	
1660	1590.1	
1661	1590.1	
1662	1590.1	
1663	1590.1	
1664	1590.1	
1665	1590.2	
1666	1590.2	
1667	1590.2	
1668	1590.2	
1669	1590.1	
1670	1590.2	
1671	1590.1	
1672	1590.2	
1673	1590.2	
1674	1590.1	
1675	1590.2	
1676	1590.2	
1677	1590.2	
1678	1590.1	
1679	1590.1	
1680	1590.2	
1681	1590.1	
1682	1590.2	
1683	1590.1	
1684	1590.1	
1685	1590.2	
1686	1590.2	
1687	1590.1	
1688	1590.1	
1689	1590.1	
1690	1590.1	
1691	1590.1	
1692	1590.1	
1693	1590.1	
1694	1590.1	
1695	1590	
1696	1590.1	
1697	1590.1	
1698	1590.1	
1699	1590.1	
1700	1590.1	
1701	1590.1	
1702	1590.1	
1703	1590	
1704	1590.1	
1705	1590.1	
1706	1590.1	
1707	1590.1	
1708	1590	
1709	1590.1	
1710	1590	
1711	1590	
1712	1590	
1713	1589.9	
1714	1589.9	
1715	1589.9	
1716	1589.9	
1717	1589.9	
1718	1589.9	
1719	1589.8	
1720	1589.8	
1721	1589.8	
1722	1589.8	
1723	1589.8	
1724	1589.8	
1725	1589.7	
1726	1589.7	
1727	1589.8	
1728	1589.7	
1729	1589.7	
1730	1589.7	
1731	1589.7	
1732	1589.6	
1733	1589.7	
1734	1589.7	
1735	1589.6	
1736	1589.6	
1737	1589.6	
1738	1589.7	
1739	1589.7	
1740	1589.6	
1741	1589.6	
1742	1589.6	
1743	1589.6	
1744	1589.5	
1745	1589.6	
1746	1589.6	
1747	1589.5	
1748	1589.5	
1749	1589.5	
1750	1589.5	
1751	1589.6	
1752	1589.5	
1753	1589.5	
1754	1589.5	
1755	1589.4	
1756	1589.4	
1757	1589.4	
1758	1589.4	
1759	1589.4	
1760	1589.3	
1761	1589.4	
1762	1589.4	
1763	1589.4	
1764	1589.3	
1765	1589.4	
1766	1589.3	
1767	1589.3	
1768	1589.3	
1769	1589.3	
1770	1589.4	
1771	1589.4	
1772	1589.3	
1773	1589.3	
1774	1589.2	
1775	1589.3	
1776	1589.3	
1777	1589.3	
1778	1589.2	
1779	1589.2	
1780	1589.2	
1781	1589.1	
1782	1589.2	
1783	1589.1	
1784	1589.2	
1785	1589.2	
1786	1589.1	
1787	1589	
1788	1589.1	
1789	1589	
1790	1589	
1791	1589	
1792	1589	
1793	1589	
1794	1589	
1795	1588.9	
1796	1588.9	
1797	1588.9	
1798	1589	
1799	1588.9	
1800	1588.9	
1801	1588.9	
1802	1588.8	
1803	1588.8	
1804	1588.8	
1805	1588.8	
1806	1588.8	
1807	1588.9	
1808	1588.8	
1809	1588.9	
1810	1588.8	
1811	1589	
1812	1588.9	
1813	1588.9	
1814	1588.9	
1815	1588.9	
1816	1588.9	
1817	1588.9	
1818	1589	
1819	1589	
1820	1589	
1821	1589.1	
1822	1589	
1823	1589.1	
1824	1589.1	
1825	1589	
1826	1589.1	
1827	1589.2	
1828	1589.2	
1829	1589.2	
1830	1589.3	
1831	1589.2	
1832	1589.2	
1833	1589.2	
1834	1589.3	
1835	1589.2	
1836	1589.3	
1837	1589.3	
1838	1589.2	
1839	1589.3	
1840	1589.4	
1841	1589.4	
1842	1589.4	
1843	1589.4	
1844	1589.5	
1845	1589.5	
1846	1589.4	
1847	1589.4	
1848	1589.5	
1849	1589.5	
1850	1589.5	
1851	1589.5	
1852	1589.5	
1853	1589.5	
1854	1589.5	
1855	1589.5	
1856	1589.5	
1857	1589.5	
1858	1589.5	
1859	1589.7	
1860	1589.6	
1861	1589.7	
1862	1589.7	
1863	1589.6	
1864	1589.7	
1865	1589.7	
1866	1589.7	
1867	1589.7	
1868	1589.7	
1869	1589.8	
1870	1589.8	
1871	1589.8	
1872	1589.8	
1873	1589.8	
1874	1589.9	
1875	1589.9	
1876	1589.9	
1877	1589.9	
1878	1589.9	
1879	1590	
1880	1589.9	
1881	1590	
1882	1590	
1883	1590.1	
1884	1590.1	
1885	1590.1	
1886	1590.2	
1887	1590.2	
1888	1590.2	
1889	1590.2	
1890	1590.3	
1891	1590.3	
1892	1590.4	
1893	1590.4	
1894	1590.4	
1895	1590.4	
1896	1590.4	
1897	1590.4	
1898	1590.4	
1899	1590.5	
1900	1590.5	
1901	1590.5	
1902	1590.4	
1903	1590.4	
1904	1590.5	
1905	1590.4	
1906	1590.5	
1907	1590.5	
1908	1590.5	
1909	1590.5	
1910	1590.4	
1911	1590.4	
1912	1590.4	
1913	1590.4	
1914	1590.5	
1915	1590.4	
1916	1590.4	
1917	1590.4	
1918	1590.4	
1919	1590.3	
1920	1590.3	
1921	1590.3	
1922	1590.3	
1923	1590.3	
1924	1590.3	
1925	1590.3	
1926	1590.4	
1927	1590.3	
1928	1590.3	
1929	1590.3	
1930	1590.3	
1931	1590.3	
1932	1590.3	
1933	1590.2	
1934	1590.3	
1935	1590.4	
1936	1590.3	
1937	1590.3	
1938	1590.3	
1939	1590.3	
1940	1590.3	
1941	1590.3	
1942	1590.3	
1943	1590.3	
1944	1590.3	
1945	1590.3	
1946	1590.3	
1947	1590.3	
1948	1590.3	
1949	1590.2	
1950	1590.2	
1951	1590.2	
1952	1590.3	
1953	1590.2	
1954	1590.2	
1955	1590.2	
1956	1590.3	
1957	1590.2	
1958	1590.3	
1959	1590.3	
1960	1590.1	
1961	1590.2	
1962	1590.3	
1963	1590.2	
1964	1590.2	
1965	1590.2	
1966	1590.3	
1967	1590.2	
1968	1590.2	
1969	1590.2	
1970	1590.2	
1971	1590.2	
1972	1590.1	
1973	1590.2	
1974	1590.1	
1975	1590.1	
1976	1590.1	
1977	1590.1	
1978	1590.1	
1979	1590	
1980	1590.1	
1981	1590	
1982	1590	
1983	1590	
1984	1590.1	
1985	1590	
1986	1590	
1987	1590	
1988	1589.9	
1989	1590	
1990	1589.9	
1991	1589.9	
1992	1590	
1993	1590	
1994	1589.9	
1995	1589.9	
1996	1590	
1997	1589.9	
1998	1589.8	
1999	1589.8	
2000	1589.8	
2001	1589.8	
2002	1589.8	
2003	1589.8	
2004	1589.7	
2005	1589.8	
2006	1589.7	
2007	1589.7	
2008	1589.7	
2009	1589.7	
2010	1589.7	
2011	1589.7	
2012	1589.6	
2013	1589.6	
2014	1589.6	
2015	1589.6	
2016	1589.6	
2017	1589.6	
2018	1589.5	
2019	1589.5	
2020	1589.6	
2021	1589.5	
2022	1589.5	
2023	1589.5	
2024	1589.5	
2025	1589.5	
2026	1589.4	
2027	1589.4	
2028	1589.4	
2029	1589.4	
2030	1589.4	
2031	1589.5	
2032	1589.4	
2033	1589.4	
2034	1589.4	
2035	1589.4	
2036	1589.3	
2037	1589.4	
2038	1589.3	
2039	1589.4	
2040	1589.4	
2041	1589.3	
2042	1589.3	
2043	1589.4	
2044	1589.3	
2045	1589.3	
2046	1589.4	
2047	1589.3	
2048	1589.3	
2049	1589.3	
2050	1589.3	
2051	1589.2	
2052	1589.3	
2053	1589.3	
2054	1589.3	
2055	1589.3	
2056	1589.3	
2057	1589.3	
2058	1589.3	
2059	1589.3	
2060	1589.3	
2061	1589.3	
2062	1589.4	
2063	1589.4	
2064	1589.4	
2065	1589.3	
2066	1589.4	
2067	1589.3	
2068	1589.4	
2069	1589.4	
2070	1589.4	
2071	1589.4	
2072	1589.5	
2073	1589.5	
2074	1589.6	
2075	1589.5	
2076	1589.6	
2077	1589.6	
2078	1589.6	
2079	1589.6	
2080	1589.6	
2081	1589.7	
2082	1589.7	
2083	1589.7	
2084	1589.8	
2085	1589.8	
2086	1589.8	
2087	1589.8	
2088	1589.9	
2089	1589.9	
2090	1589.9	
2091	1589.9	
2092	1589.9	
2093	1589.9	
2094	1590	
2095	1589.9	
2096	1590	
2097	1590.1	
2098	1590.1	
2099	1590.1	
2100	1590.1	
2101	1590.1	
2102	1590.1	
2103	1590.1	
2104	1590.2	
2105	1590.1	
2106	1590.2	
2107	1590.2	
2108	1590.2	
2109	1590.2	
2110	1590.2	
2111	1590.2	
2112	1590.2	
2113	1590.2	
2114	1590.3	
2115	1590.3	
2116	1590.3	
2117	1590.3	
2118	1590.3	
2119	1590.4	
2120	1590.4	
2121	1590.4	
2122	1590.4	
2123	1590.5	
2124	1590.6	
2125	1590.5	
2126	1590.5	
2127	1590.6	
2128	1590.7	
2129	1590.6	
2130	1590.6	
2131	1590.6	
2132	1590.6	
2133	1590.7	
2134	1590.7	
2135	1590.8	
2136	1590.7	
2137	1590.7	
2138	1590.7	
2139	1590.7	
2140	1590.8	
2141	1590.8	
2142	1590.7	
2143	1590.8	
2144	1590.8	
2145	1590.7	
2146	1590.8	
2147	1590.9	
2148	1590.9	
2149	1590.8	
2150	1590.8	
2151	1590.9	
2152	1590.8	
2153	1590.8	
2154	1590.9	
2155	1590.8	
2156	1590.9	
2157	1591	
2158	1590.9	
2159	1590.9	
2160	1591	
2161	1590.9	
2162	1590.9	
2163	1590.9	
2164	1590.9	
2165	1590.9	
2166	1590.9	
2167	1590.9	
2168	1590.9	
2169	1590.9	
2170	1590.9	
2171	1590.9	
2172	1590.9	
2173	1590.8	
2174	1590.8	
2175	1590.8	
2176	1590.8	
2177	1590.8	
2178	1590.8	
2179	1590.8	
2180	1590.8	
2181	1590.8	
2182	1590.8	
2183	1590.8	
2184	1590.8	
2185	1590.8	
2186	1590.8	
2187	1590.8	
2188	1590.8	
2189	1590.8	
2190	1590.7	
2191	1590.8	
2192	1590.8	
2193	1590.8	
2194	1590.8	
2195	1590.8	
2196	1590.7	
2197	1590.8	
2198	1590.7	
2199	1590.7	
2200	1590.7	
2201	1590.6	
2202	1590.7	
2203	1590.7	
2204	1590.7	
2205	1590.7	
2206	1590.5	
2207	1590.6	
2208	1590.6	
2209	1590.5	
2210	1590.6	
2211	1590.6	
2212	1590.5	
2213	1590.5	
2214	1590.5	
2215	1590.6	
2216	1590.5	
2217	1590.5	
2218	1590.4	
2219	1590.5	
2220	1590.4	
2221	1590.4	
2222	1590.5	
2223	1590.5	
2224	1590.4	
2225	1590.4	
2226	1590.4	
2227	1590.4	
2228	1590.4	
2229	1590.4	
2230	1590.3	
2231	1590.3	
2232	1590.4	
2233	1590.3	
2234	1590.3	
2235	1590.4	
2236	1590.3	
2237	1590.3	
2238	1590.3	
2239	1590.3	
2240	1590.2	
2241	1590.2	
2242	1590.3	
2243	1590.3	
2244	1590.2	
2245	1590.2	
2246	1590.2	
2247	1590.2	
2248	1590.3	
2249	1590.2	
2250	1590.2	
2251	1590.2	
2252	1590.2	
2253	1590.2	
2254	1590.2	
2255	1590.1	
2256	1590.1	
2257	1590.1	
2258	1590.1	
2259	1590.2	
2260	1590.1	
2261	1590.1	
2262	1590.1	
2263	1590.1	
2264	1590.1	
2265	1590.1	
2266	1590.1	
2267	1589.9	
2268	1590	
2269	1590	
2270	1590	
2271	1590	
2272	1589.9	
2273	1590	
2274	1589.9	
2275	1589.9	
2276	1589.8	
2277	1589.8	
2278	1589.8	
2279	1589.8	
2280	1589.8	
2281	1589.7	
2282	1589.7	
2283	1589.8	
2284	1589.8	
2285	1589.7	
2286	1589.7	
2287	1589.7	
2288	1589.6	
2289	1589.6	
2290	1589.7	
2291	1589.6	
2292	1589.6	
2293	1589.6	
2294	1589.6	
2295	1589.5	
2296	1589.5	
2297	1589.6	
2298	1589.5	
2299	1589.4	
2300	1589.4	
2301	1589.5	
2302	1589.4	
2303	1589.3	
2304	1589.4	
2305	1589.3	
2306	1589.4	
2307	1589.4	
2308	1589.3	
2309	1589.3	
2310	1589.4	
2311	1589.3	
2312	1589.3	
2313	1589.3	
2314	1589.3	
2315	1589.3	
2316	1589.3	
2317	1589.3	
2318	1589.3	
2319	1589.4	
2320	1589.3	
2321	1589.3	
2322	1589.3	
2323	1589.3	
2324	1589.4	
2325	1589.4	
2326	1589.4	
2327	1589.4	
2328	1589.3	
2329	1589.4	
2330	1589.4	
2331	1589.4	
2332	1589.4	
2333	1589.4	
2334	1589.4	
2335	1589.5	
2336	1589.4	
2337	1589.6	
2338	1589.5	
2339	1589.5	
2340	1589.6	
2341	1589.5	
2342	1589.6	
2343	1589.6	
2344	1589.7	
2345	1589.7	
2346	1589.7	
2347	1589.7	
2348	1589.8	
2349	1589.8	
2350	1589.9	
2351	1589.9	
2352	1589.9	
2353	1589.9	
2354	1589.9	
2355	1590	
2356	1589.9	
2357	1589.9	
2358	1590	
2359	1590	
2360	1590	
2361	1590	
2362	1590	
2363	1590	
2364	1590	
2365	1590.1	
2366	1590.1	
2367	1590.1	
2368	1590.2	
2369	1590.2	
2370	1590.3	
2371	1590.2	
2372	1590.3	
2373	1590.3	
2374	1590.2	
2375	1590.2	
2376	1590.2	
2377	1590.2	
2378	1590.3	
2379	1590.4	
2380	1590.3	
2381	1590.2	
2382	1590.3	
2383	1590.4	
2384	1590.4	
2385	1590.4	
2386	1590.4	
2387	1590.4	
2388	1590.4	
2389	1590.4	
2390	1590.5	
2391	1590.5	
2392	1590.6	
2393	1590.6	
2394	1590.7	
2395	1590.6	
2396	1590.6	
2397	1590.6	
2398	1590.6	
2399	1590.6	
2400	1590.7	
2401	1590.7	
2402	1590.6	
2403	1590.7	
2404	1590.7	
2405	1590.7	
2406	1590.7	
2407	1590.7	
2408	1590.7	
2409	1590.6	
2410	1590.7	
2411	1590.6	
2412	1590.6	
2413	1590.6	
2414	1590.6	
2415	1590.6	
2416	1590.6	
2417	1590.7	
2418	1590.6	
2419	1590.6	
2420	1590.6	
2421	1590.6	
2422	1590.6	
2423	1590.5	
2424	1590.6	
2425	1590.5	
2426	1590.5	
2427	1590.6	
2428	1590.6	
2429	1590.5	
2430	1590.4	
2431	1590.5	
2432	1590.5	
2433	1590.5	
2434	1590.6	
2435	1590.6	
2436	1590.5	
2437	1590.6	
2438	1590.5	
2439	1590.5	
2440	1590.6	
2441	1590.6	
2442	1590.5	
2443	1590.5	
2444	1590.5	
2445	1590.5	
2446	1590.5	
2447	1590.5	
2448	1590.5	
2449	1590.5	
2450	1590.4	
2451	1590.4	
2452	1590.5	
2453	1590.5	
2454	1590.5	
2455	1590.6	
2456	1590.5	
2457	1590.4	
2458	1590.5	
2459	1590.5	
2460	1590.5	
2461	1590.5	
2462	1590.5	
2463	1590.5	
2464	1590.4	
2465	1590.4	
2466	1590.4	
2467	1590.4	
2468	1590.4	
2469	1590.4	
2470	1590.3	
2471	1590.4	
2472	1590.4	
2473	1590.4	
2474	1590.3	
2475	1590.4	
2476	1590.3	
2477	1590.4	
2478	1590.3	
2479	1590.2	
2480	1590.3	
2481	1590.3	
2482	1590.2	
2483	1590.3	
2484	1590.2	
2485	1590.2	
2486	1590.1	
2487	1590.2	
2488	1590.2	
2489	1590.1	
2490	1590	
2491	1590.1	
2492	1590	
2493	1590	
2494	1590	
2495	1590	
2496	1590	
2497	1589.9	
2498	1589.9	
2499	1590	
2500	1589.9	
2501	1589.9	
2502	1589.9	
2503	1589.9	
2504	1589.9	
2505	1589.9	
2506	1589.8	
2507	1589.8	
2508	1589.8	
2509	1589.7	
2510	1589.7	
2511	1589.8	
2512	1589.8	
2513	1589.8	
2514	1589.7	
2515	1589.8	
2516	1589.7	
2517	1589.7	
2518	1589.7	
2519	1589.6	
2520	1589.6	
2521	1589.7	
2522	1589.6	
2523	1589.6	
2524	1589.6	
2525	1589.7	
2526	1589.6	
2527	1589.5	
2528	1589.6	
2529	1589.5	
2530	1589.5	
2531	1589.5	
2532	1589.5	
2533	1589.5	
2534	1589.5	
2535	1589.5	
2536	1589.5	
2537	1589.5	
2538	1589.4	
2539	1589.4	
2540	1589.4	
2541	1589.4	
2542	1589.4	
2543	1589.3	
2544	1589.3	
2545	1589.3	
2546	1589.3	
2547	1589.3	
2548	1589.4	
2549	1589.3	
2550	1589.2	
2551	1589.2	
2552	1589.2	
2553	1589.3	
2554	1589.2	
2555	1589.2	
2556	1589.2	
2557	1589.2	
2558	1589.1	
2559	1589.1	
2560	1589.2	
2561	1589.1	
2562	1589	
2563	1589.1	
2564	1589.1	
2565	1589	
2566	1589.1	
2567	1589	
2568	1589	
2569	1589	
2570	1589.1	
2571	1589	
2572	1589	
2573	1589	
2574	1589	
2575	1589	
2576	1589	
2577	1589	
2578	1589	
2579	1588.9	
2580	1588.9	
2581	1589	
2582	1588.9	
2583	1589	
2584	1588.9	
2585	1589	
2586	1589	
2587	1589	
2588	1589	
2589	1589	
2590	1589	
2591	1589	
2592	1589.1	
2593	1589	
2594	1589.1	
2595	1589.1	
2596	1589.1	
2597	1589.1	
2598	1589.1	
2599	1589.2	
2600	1589.2	
2601	1589.2	
2602	1589.2	
2603	1589.3	
2604	1589.3	
2605	1589.4	
2606	1589.3	
2607	1589.3	
2608	1589.3	
2609	1589.4	
2610	1589.4	
2611	1589.5	
2612	1589.5	
2613	1589.5	
2614	1589.5	
2615	1589.5	
2616	1589.5	
2617	1589.5	
2618	1589.5	
2619	1589.5	
2620	1589.6	
2621	1589.6	
2622	1589.6	
2623	1589.6	
2624	1589.6	
2625	1589.7	
2626	1589.6	
2627	1589.7	
2628	1589.8	
2629	1589.7	
2630	1589.7	
2631	1589.9	
2632	1589.9	
2633	1589.9	
2634	1589.9	
2635	1589.9	
2636	1589.9	
2637	1590	
2638	1589.9	
2639	1590	
2640	1590	
2641	1590	
2642	1590	
2643	1590.1	
2644	1590.1	
2645	1590.1	
2646	1590.1	
2647	1590	
2648	1590.2	
2649	1590.2	
2650	1590.2	
2651	1590.2	
2652	1590.3	
2653	1590.2	
2654	1590.3	
2655	1590.3	
2656	1590.2	
2657	1590.3	
2658	1590.3	
2659	1590.4	
2660	1590.4	
2661	1590.4	
2662	1590.4	
2663	1590.4	
2664	1590.4	
2665	1590.5	
2666	1590.5	
2667	1590.5	
2668	1590.5	
2669	1590.5	
2670	1590.5	
2671	1590.4	
2672	1590.5	
2673	1590.5	
2674	1590.4	
2675	1590.4	
2676	1590.4	
2677	1590.4	
2678	1590.4	
2679	1590.3	
2680	1590.4	
2681	1590.4	
2682	1590.4	
2683	1590.4	
2684	1590.4	
2685	1590.3	
2686	1590.3	
2687	1590.4	
2688	1590.4	
2689	1590.4	
2690	1590.3	
2691	1590.3	
2692	1590.3	
2693	1590.4	
2694	1590.4	
2695	1590.3	
2696	1590.3	
2697	1590.4	
2698	1590.4	
2699	1590.4	
2700	1590.4	
2701	1590.4	
2702	1590.4	
2703	1590.4	
2704	1590.4	
2705	1590.4	
2706	1590.3	
2707	1590.4	
2708	1590.3	
2709	1590.4	
2710	1590.3	
2711	1590.3	
2712	1590.3	
2713	1590.3	
2714	1590.3	
2715	1590.3	
2716	1590.3	
2717	1590.2	
2718	1590.2	
2719	1590.2	
2720	1590.3	
2721	1590.3	
2722	1590.3	
2723	1590.2	
2724	1590.3	
2725	1590.2	
2726	1590.3	
2727	1590.2	
2728	1590.3	
2729	1590.2	
2730	1590.2	
2731	1590.2	
2732	1590.2	
2733	1590.2	
2734	1590.2	
2735	1590.2	
2736	1590.2	
2737	1590.1	
2738	1590.1	
2739	1590.2	
2740	1590.2	
2741	1590.1	
2742	1590.1	
2743	1590.1	
2744	1590	
2745	1590	
2746	1590	
2747	1590	
2748	1590	
2749	1590	
2750	1590	
2751	1590	
2752	1589.9	
2753	1589.9	
2754	1589.9	
2755	1589.9	
2756	1589.9	
2757	1589.9	
2758	1589.9	
2759	1589.9	
2760	1589.8	
2761	1589.8	
2762	1589.8	
2763	1589.8	
2764	1589.8	
2765	1589.8	
2766	1589.7	
2767	1589.7	
2768	1589.7	
2769	1589.7	
2770	1589.7	
2771	1589.7	
2772	1589.8	
2773	1589.7	
2774	1589.6	
2775	1589.6	
2776	1589.6	
2777	1589.6	
2778	1589.5	
2779	1589.6	
2780	1589.6	
2781	1589.6	
2782	1589.6	
2783	1589.5	
2784	1589.5	
2785	1589.6	
2786	1589.5	
2787	1589.5	
2788	1589.5	
2789	1589.5	
2790	1589.5	
2791	1589.4	
2792	1589.4	
2793	1589.5	
2794	1589.5	
2795	1589.4	
2796	1589.4	
2797	1589.4	
2798	1589.4	
2799	1589.4	
2800	1589.4	
2801	1589.4	
2802	1589.4	
2803	1589.3	
2804	1589.3	
2805	1589.3	
2806	1589.3	
2807	1589.3	
2808	1589.2	
2809	1589.3	
2810	1589.3	
2811	1589.2	
2812	1589.2	
2813	1589.2	
2814	1589.2	
2815	1589.2	
2816	1589.2	
2817	1589.2	
2818	1589.2	
2819	1589.1	
2820	1589.1	
2821	1589.1	
2822	1589.1	
2823	1589.1	
2824	1589	
2825	1589.1	
2826	1589.1	
2827	1589.1	
2828	1589.1	
2829	1588.9	
2830	1589	
2831	1588.9	
2832	1588.9	
2833	1588.9	
2834	1588.9	
2835	1588.9	
2836	1588.8	
2837	1588.8	
2838	1588.8	
2839	1588.8	
2840	1588.8	
2841	1588.8	
2842	1588.8	
2843	1588.7	
2844	1588.8	
2845	1588.8	
2846	1588.7	
2847	1588.7	
2848	1588.8	
2849	1588.8	
2850	1588.8	
2851	1588.8	
2852	1588.7	
2853	1588.7	
2854	1588.6	
2855	1588.7	
2856	1588.7	
2857	1588.7	
2858	1588.7	
2859	1588.7	
2860	1588.7	
2861	1588.7	
2862	1588.8	
2863	1588.8	
2864	1588.7	
2865	1588.8	
2866	1588.9	
2867	1588.8	
2868	1588.9	
2869	1588.9	
2870	1588.9	
2871	1588.9	
2872	1588.9	
2873	1589	
2874	1588.9	
2875	1588.9	
2876	1589	
2877	1589	
2878	1589.1	
2879	1589	
2880	1589.1	
2881	1589.1	
2882	1589.1	
2883	1589.1	
2884	1589.1	
2885	1589.1	
2886	1589.2	
2887	1589.2	
2888	1589.1	
2889	1589.2	
2890	1589.2	
2891	1589.2	
2892	1589.2	
2893	1589.2	
2894	1589.3	
2895	1589.3	
2896	1589.3	
2897	1589.3	
2898	1589.4	
2899	1589.4	
2900	1589.4	
2901	1589.3	
2902	1589.4	
2903	1589.4	
2904	1589.4	
2905	1589.4	
2906	1589.5	
2907	1589.5	
2908	1589.5	
2909	1589.5	
2910	1589.4	
2911	1589.5	
2912	1589.5	
2913	1589.5	
2914	1589.5	
2915	1589.4	
2916	1589.5	
2917	1589.5	
2918	1589.5	
2919	1589.6	
2920	1589.6	
2921	1589.5	
2922	1589.5	
2923	1589.4	
2924	1589.5	
2925	1589.5	
2926	1589.5	
2927	1589.5	
2928	1589.5	
2929	1589.5	
2930	1589.5	
2931	1589.5	
2932	1589.5	
2933	1589.5	
2934	1589.5	
2935	1589.5	
2936	1589.5	
2937	1589.5	
2938	1589.5	
2939	1589.5	
2940	1589.5	
2941	1589.5	
2942	1589.4	
2943	1589.5	
2944	1589.4	
2945	1589.5	
2946	1589.5	
2947	1589.4	
2948	1589.4	
2949	1589.5	
2950	1589.4	
2951	1589.4	
2952	1589.5	
2953	1589.5	
2954	1589.4	
2955	1589.4	
2956	1589.4	
2957	1589.4	
2958	1589.5	
2959	1589.5	
2960	1589.4	
2961	1589.5	
2962	1589.4	
2963	1589.4	
2964	1589.4	
2965	1589.4	
2966	1589.5	
2967	1589.4	
2968	1589.4	
2969	1589.4	
2970	1589.4	
2971	1589.4	
2972	1589.3	
2973	1589.4	
2974	1589.3	
2975	1589.3	
2976	1589.4	
2977	1589.4	
2978	1589.3	
2979	1589.3	
2980	1589.2	
2981	1589.3	
2982	1589.2	
2983	1589.3	
2984	1589.3	
2985	1589.2	
2986	1589.3	
2987	1589.2	
2988	1589.2	
2989	1589.2	
2990	1589.2	
2991	1589.1	
2992	1589.2	
2993	1589.1	
2994	1589.1	
2995	1589	
2996	1589.1	
2997	1589	
2998	1589.1	
2999	1589	
3000	1589.1	
3001	1589	
3002	1589.1	
3003	1589	
3004	1589	
3005	1589.1	
3006	1589	
3007	1589	
3008	1589	
3009	1588.9	
3010	1588.9	
3011	1589	
3012	1589	
3013	1588.9	
3014	1588.9	
3015	1588.9	
3016	1588.9	
3017	1588.9	
3018	1588.9	
3019	1588.9	
3020	1588.8	
3021	1588.9	
3022	1588.8	
3023	1588.8	
3024	1588.9	
3025	1588.8	
3026	1588.8	
3027	1588.8	
3028	1588.8	
3029	1588.8	
3030	1588.8	
3031	1588.8	
3032	1588.8	
3033	1588.8	
3034	1588.7	
3035	1588.7	
3036	1588.7	
3037	1588.7	
3038	1588.7	
3039	1588.7	
3040	1588.6	
3041	1588.7	
3042	1588.6	
3043	1588.6	
3044	1588.6	
3045	1588.6	
3046	1588.6	
3047	1588.5	
3048	1588.5	
3049	1588.6	
3050	1588.5	
3051	1588.5	
3052	1588.6	
3053	1588.5	
3054	1588.6	
3055	1588.5	
3056	1588.5	
3057	1588.5	
3058	1588.5	
3059	1588.5	
3060	1588.4	
3061	1588.4	
3062	1588.4	
3063	1588.4	
3064	1588.3	
3065	1588.4	
3066	1588.4	
3067	1588.4	
3068	1588.4	
3069	1588.2	
3070	1588.3	
3071	1588.3	
3072	1588.3	
3073	1588.3	
3074	1588.3	
3075	1588.3	
3076	1588.3	
3077	1588.2	
3078	1588.3	
3079	1588.3	
3080	1588.2	
3081	1588.2	
3082	1588.2	
3083	1588.1	
3084	1588.1	
3085	1588.1	
3086	1588	
3087	1588.1	
3088	1588	
3089	1588.1	
3090	1588.1	
3091	1588	
3092	1588	
3093	1588	
3094	1588	
3095	1588	
3096	1587.9	
3097	1588	
3098	1587.9	
3099	1587.9	
3100	1587.9	
3101	1587.9	
3102	1587.9	
3103	1587.9	
3104	1588	
3105	1588	
3106	1587.9	
3107	1587.9	
3108	1587.9	
3109	1587.9	
3110	1587.9	
3111	1587.9	
3112	1587.9	
3113	1587.9	
3114	1587.9	
3115	1587.9	
3116	1587.9	
3117	1587.8	
3118	1587.8	
3119	1587.9	
3120	1588	
3121	1588	
3122	1588	
3123	1588	
3124	1588	
3125	1588	
3126	1588	
3127	1588.1	
3128	1588.1	
3129	1588.1	
3130	1588.1	
3131	1588.2	
3132	1588.2	
3133	1588.1	
3134	1588.2	
3135	1588.2	
3136	1588.2	
3137	1588.3	
3138	1588.3	
3139	1588.3	
3140	1588.4	
3141	1588.4	
3142	1588.4	
3143	1588.4	
3144	1588.4	
3145	1588.4	
3146	1588.4	
3147	1588.5	
3148	1588.6	
3149	1588.5	
3150	1588.6	
3151	1588.6	
3152	1588.6	
3153	1588.6	
3154	1588.6	
3155	1588.7	
3156	1588.7	
3157	1588.7	
3158	1588.6	
3159	1588.6	
3160	1588.6	
3161	1588.6	
3162	1588.6	
3163	1588.7	
3164	1588.7	
3165	1588.7	
3166	1588.7	
3167	1588.8	
3168	1588.8	
3169	1588.8	
3170	1588.9	
3171	1588.9	
3172	1588.9	
3173	1588.9	
3174	1589	
3175	1589	
3176	1589	
3177	1589.1	
3178	1589.1	
3179	1589.1	
3180	1589.2	
3181	1589.1	
3182	1589.1	
3183	1589.2	
3184	1589.2	
3185	1589.2	
3186	1589.2	
3187	1589.3	
3188	1589.2	
3189	1589.2	
3190	1589.4	
3191	1589.3	
3192	1589.3	
3193	1589.3	
3194	1589.4	
3195	1589.3	
3196	1589.3	
3197	1589.4	
3198	1589.4	
3199	1589.4	
3200	1589.4	
3201	1589.4	
3202	1589.4	
3203	1589.4	
3204	1589.5	
3205	1589.4	
3206	1589.4	
3207	1589.5	
3208	1589.4	
3209	1589.4	
3210	1589.4	
3211	1589.5	
3212	1589.4	
3213	1589.4	
3214	1589.5	
3215	1589.4	
3216	1589.4	
3217	1589.4	
3218	1589.4	
3219	1589.4	
3220	1589.4	
3221	1589.4	
3222	1589.3	
3223	1589.4	
3224	1589.4	
3225	1589.4	
3226	1589.3	
3227	1589.4	
3228	1589.3	
3229	1589.3	
3230	1589.3	
3231	1589.2	
3232	1589.3	
3233	1589.2	
3234	1589.3	
3235	1589.2	
3236	1589.2	
3237	1589.3	
3238	1589.2	
3239	1589.1	
3240	1589.2	
3241	1589.2	
3242	1589.2	
3243	1589.2	
3244	1589.2	
3245	1589.2	
3246	1589.2	
3247	1589.2	
3248	1589.1	
3249	1589.2	
3250	1589.2	
3251	1589.2	
3252	1589.1	
3253	1589.1	
3254	1589.1	
3255	1589.1	
3256	1589.1	
3257	1589.1	
3258	1589.1	
3259	1589	
3260	1589	
3261	1589	
3262	1588.9	
3263	1588.9	
3264	1589	
3265	1589	
3266	1589	
3267	1588.9	
3268	1589	
3269	1589	
3270	1588.9	
3271	1589	
3272	1589	
3273	1589	
3274	1588.9	
3275	1588.9	
3276	1588.9	
3277	1588.9	
3278	1589	
3279	1588.9	
3280	1589	
3281	1588.9	
3282	1588.9	
3283	1588.9	
3284	1588.8	
3285	1588.8	
3286	1588.8	
3287	1588.8	
3288	1588.8	
3289	1588.9	
3290	1588.9	
3291	1588.8	
3292	1588.8	
3293	1588.8	
3294	1588.8	
3295	1588.8	
3296	1588.8	
3297	1588.8	
3298	1588.8	
3299	1588.7	
3300	1588.8	
3301	1588.7	
3302	1588.7	
3303	1588.6	
3304	1588.7	
3305	1588.7	
3306	1588.7	
3307	1588.6	
3308	1588.5	
3309	1588.6	
3310	1588.5	
3311	1588.5	
3312	1588.5	
3313	1588.5	
3314	1588.4	
3315	1588.5	
3316	1588.5	
3317	1588.5	
3318	1588.4	
3319	1588.4	
3320	1588.4	
3321	1588.4	
3322	1588.3	
3323	1588.3	
3324	1588.3	
3325	1588.2	
3326	1588.3	
3327	1588.2	
3328	1588.3	
3329	1588.3	
3330	1588.2	
3331	1588.3	
3332	1588.2	
3333	1588.3	
3334	1588.3	
3335	1588.3	
3336	1588.2	
3337	1588.2	
3338	1588.2	
3339	1588.2	
3340	1588.2	
3341	1588.2	
3342	1588.2	
3343	1588.2	
3344	1588.1	
3345	1588.2	
3346	1588.1	
3347	1588	
3348	1588.1	
3349	1588.1	
3350	1588.1	
3351	1588	
3352	1588	
3353	1588	
3354	1588	
3355	1588	
3356	1588	
3357	1588	
3358	1588	
3359	1588	
3360	1588	
3361	1587.9	
3362	1587.9	
3363	1588	
3364	1587.9	
3365	1587.9	
3366	1587.9	
3367	1587.9	
3368	1587.8	
3369	1587.9	
3370	1587.9	
3371	1587.9	
3372	1587.8	
3373	1587.9	
3374	1587.8	
3375	1587.9	
3376	1587.9	
3377	1587.9	
3378	1588	
3379	1588	
3380	1587.9	
3381	1588	
3382	1587.9	
3383	1588	
3384	1588	
3385	1588	
3386	1588	
3387	1588.1	
3388	1588.1	
3389	1588.1	
3390	1588	
3391	1588.1	
3392	1588.1	
3393	1588.1	
3394	1588.1	
3395	1588.1	
3396	1588.1	
3397	1588.2	
3398	1588.2	
3399	1588.2	
3400	1588.3	
3401	1588.2	
3402	1588.3	
3403	1588.3	
3404	1588.3	
3405	1588.4	
3406	1588.3	
3407	1588.4	
3408	1588.3	
3409	1588.3	
3410	1588.4	
3411	1588.5	
3412	1588.4	
3413	1588.4	
3414	1588.4	
3415	1588.4	
3416	1588.4	
3417	1588.5	
3418	1588.5	
3419	1588.5	
3420	1588.5	
3421	1588.6	
3422	1588.6	
3423	1588.7	
3424	1588.6	
3425	1588.7	
3426	1588.6	
3427	1588.6	
3428	1588.7	
3429	1588.7	
3430	1588.7	
3431	1588.7	
3432	1588.7	
3433	1588.8	
3434	1588.9	
3435	1588.8	
3436	1588.8	
3437	1588.8	
3438	1589	
3439	1588.9	
3440	1589	
3441	1589	
3442	1589	
3443	1589.1	
3444	1589.1	
3445	1589.1	
3446	1589.1	
3447	1589.1	
3448	1589.2	
3449	1589.2	
3450	1589.2	
3451	1589.3	
3452	1589.2	
3453	1589.3	
3454	1589.2	
3455	1589.2	
3456	1589.2	
3457	1589.2	
3458	1589.2	
3459	1589.4	
3460	1589.3	
3461	1589.3	
3462	1589.3	
3463	1589.3	
3464	1589.3	
3465	1589.3	
3466	1589.3	
3467	1589.3	
3468	1589.4	
3469	1589.4	
3470	1589.4	
3471	1589.3	
3472	1589.4	
3473	1589.3	
3474	1589.4	
3475	1589.4	
3476	1589.4	
3477	1589.4	
3478	1589.3	
3479	1589.4	
3480	1589.4	
3481	1589.3	
3482	1589.3	
3483	1589.3	
3484	1589.3	
3485	1589.3	
3486	1589.3	
3487	1589.4	
3488	1589.3	
3489	1589.4	
3490	1589.4	
3491	1589.3	
3492	1589.4	
3493	1589.4	
3494	1589.3	
3495	1589.3	
3496	1589.3	
3497	1589.3	
3498	1589.2	
3499	1589.3	
3500	1589.3	
3501	1589.3	
3502	1589.3	
3503	1589.3	
3504	1589.2	
3505	1589.3	
3506	1589.2	
3507	1589.3	
3508	1589.2	
3509	1589.3	
3510	1589.2	
3511	1589.2	
3512	1589.2	
3513	1589.3	
3514	1589.2	
3515	1589.2	
3516	1589.2	
3517	1589.2	
3518	1589.2	
3519	1589.2	
3520	1589.2	
3521	1589.1	
3522	1589.1	
3523	1589	
3524	1589.1	
3525	1589	
3526	1589.1	
3527	1589.1	
3528	1589	
3529	1589.1	
3530	1589	
3531	1589.1	
3532	1589	
3533	1589	
3534	1589	
3535	1588.9	
3536	1589	
3537	1589	
3538	1588.9	
3539	1588.9	
3540	1588.9	
3541	1588.9	
3542	1588.9	
3543	1588.9	
3544	1589	
3545	1588.9	
3546	1588.9	
3547	1588.8	
3548	1588.8	
3549	1588.8	
3550	1588.8	
3551	1588.8	
3552	1588.8	
3553	1588.8	
3554	1588.8	
3555	1588.8	
3556	1588.8	
3557	1588.8	
3558	1588.8	
3559	1588.8	
3560	1588.8	
3561	1588.8	
3562	1588.7	
3563	1588.7	
3564	1588.6	
3565	1588.7	
3566	1588.6	
3567	1588.6	
3568	1588.6	
3569	1588.6	
3570	1588.5	
3571	1588.6	
3572	1588.6	
3573	1588.5	
3574	1588.5	
3575	1588.5	
3576	1588.5	
3577	1588.5	
3578	1588.5	
3579	1588.5	
3580	1588.4	
3581	1588.4	
3582	1588.4	
3583	1588.4	
3584	1588.4	
3585	1588.4	
3586	1588.4	
3587	1588.4	
3588	1588.4	
3589	1588.3	
3590	1588.3	
3591	1588.3	
3592	1588.3	
3593	1588.2	
3594	1588.2	
3595	1588.2	
3596	1588.2	
3597	1588.3	
3598	1588.2	
3599	1588.1	
3600	1588.1	
3601	1588.1	
3602	1588.1	
3603	1588.1	
3604	1588.1	
3605	1588.1	
3606	1588.1	
3607	1588.2	
3608	1588.1	
3609	1588.1	
3610	1588	
3611	1588	
3612	1588	
3613	1588	
3614	1587.9	
3615	1588	
3616	1587.9	
3617	1587.9	
3618	1587.9	
3619	1587.8	
3620	1587.9	
3621	1587.8	
3622	1587.8	
3623	1587.9	
3624	1587.8	
3625	1587.8	
3626	1587.8	
3627	1587.8	
3628	1587.7	
3629	1587.7	
3630	1587.8	
3631	1587.7	
3632	1587.8	
3633	1587.8	
3634	1587.8	
3635	1587.8	
3636	1587.7	
3637	1587.7	
3638	1587.7	
3639	1587.7	
3640	1587.7	
3641	1587.7	
3642	1587.7	
3643	1587.8	
3644	1587.7	
3645	1587.7	
3646	1587.7	
3647	1587.8	
3648	1587.8	
3649	1587.7	
3650	1587.7	
3651	1587.7	
3652	1587.7	
3653	1587.7	
3654	1587.8	
3655	1587.7	
3656	1587.7	
3657	1587.7	
3658	1587.8	
3659	1587.7	
3660	1587.8	
3661	1587.8	
3662	1587.8	
3663	1587.8	
3664	1587.9	
3665	1587.9	
3666	1587.9	
3667	1588	
3668	1587.9	
3669	1588	
3670	1588	
3671	1588	
3672	1588	
3673	1588.1	
3674	1588	
3675	1588.1	
3676	1588	
3677	1588.1	
3678	1588.1	
3679	1588.2	
3680	1588.2	
3681	1588.2	
3682	1588.2	
3683	1588.2	
3684	1588.2	
3685	1588.2	
3686	1588.3	
3687	1588.3	
3688	1588.4	
3689	1588.4	
3690	1588.4	
3691	1588.4	
3692	1588.4	
3693	1588.4	
3694	1588.4	
3695	1588.5	
3696	1588.5	
3697	1588.5	
3698	1588.5	
3699	1588.4	
3700	1588.5	
3701	1588.6	
3702	1588.6	
3703	1588.6	
3704	1588.6	
3705	1588.6	
3706	1588.7	
3707	1588.7	
3708	1588.7	
3709	1588.8	
3710	1588.8	
3711	1588.8	
3712	1588.8	
3713	1588.9	
3714	1588.9	
3715	1588.9	
3716	1588.9	
3717	1588.9	
3718	1589	
3719	1589	
3720	1588.9	
3721	1589	
3722	1589	
3723	1589	
3724	1589	
3725	1589	
3726	1589	
3727	1589	
3728	1589	
3729	1589.1	
3730	1589.1	
3731	1589.1	
3732	1589	
3733	1589	
3734	1589.1	
3735	1589.1	
3736	1589.1	
3737	1589	
3738	1589	
3739	1589	
3740	1589.1	
3741	1589	
3742	1589	
3743	1589	
3744	1588.9	
3745	1588.9	
3746	1589	
3747	1589	
3748	1589	
3749	1589.1	
3750	1589	
3751	1589	
3752	1589	
3753	1589	
3754	1589	
3755	1589.1	
3756	1589.1	
3757	1589.1	
3758	1589.1	
3759	1589.2	
3760	1589	
3761	1589	
3762	1589	
3763	1589	
3764	1589	
3765	1589	
3766	1588.9	
3767	1588.9	
3768	1588.9	
3769	1588.8	
3770	1589	
3771	1588.9	
3772	1588.9	
3773	1588.8	
3774	1588.9	
3775	1588.9	
3776	1588.8	
3777	1588.9	
3778	1588.8	
3779	1588.9	
3780	1588.9	
3781	1588.8	
3782	1588.8	
3783	1588.8	
3784	1588.8	
3785	1588.8	
3786	1588.7	
3787	1588.6	
3788	1588.7	
3789	1588.8	
3790	1588.8	
3791	1588.7	
3792	1588.6	
3793	1588.7	
3794	1588.6	
3795	1588.6	
3796	1588.7	
3797	1588.7	
3798	1588.7	
3799	1588.6	
3800	1588.7	
3801	1588.6	
3802	1588.6	
3803	1588.5	
3804	1588.6	
3805	1588.6	
3806	1588.7	
3807	1588.5	
3808	1588.5	
3809	1588.6	
3810	1588.5	
3811	1588.5	
3812	1588.4	
3813	1588.4	
3814	1588.4	
3815	1588.5	
3816	1588.5	
3817	1588.5	
3818	1588.5	
3819	1588.5	
3820	1588.4	
3821	1588.4	
3822	1588.4	
3823	1588.4	
3824	1588.4	
3825	1588.3	
3826	1588.3	
3827	1588.3	
3828	1588.4	
3829	1588.3	
3830	1588.3	
3831	1588.3	
3832	1588.3	
3833	1588.2	
3834	1588.2	
3835	1588.2	
3836	1588.2	
3837	1588.1	
3838	1588.1	
3839	1588.1	
3840	1588.1	
3841	1588.1	
3842	1588.1	
3843	1588.2	
3844	1588	
3845	1588.1	
3846	1588	
3847	1588	
3848	1587.9	
3849	1588	
3850	1587.9	
3851	1587.8	
3852	1587.9	
3853	1587.9	
3854	1587.9	
3855	1587.9	
3856	1587.8	
3857	1587.9	
3858	1587.8	
3859	1587.8	
3860	1587.8	
3861	1587.7	
3862	1587.7	
3863	1587.8	
3864	1587.7	
3865	1587.7	
3866	1587.6	
3867	1587.6	
3868	1587.6	
3869	1587.6	
3870	1587.5	
3871	1587.6	
3872	1587.6	
3873	1587.7	
3874	1587.6	
3875	1587.5	
3876	1587.6	
3877	1587.6	
3878	1587.6	
3879	1587.6	
3880	1587.5	
3881	1587.6	
3882	1587.6	
3883	1587.6	
3884	1587.6	
3885	1587.6	
3886	1587.6	
3887	1587.6	
3888	1587.6	
3889	1587.6	
3890	1587.5	
3891	1587.5	
3892	1587.5	
3893	1587.5	
3894	1587.6	
3895	1587.5	
3896	1587.5	
3897	1587.5	
3898	1587.7	
3899	1587.6	
3900	1587.7	
3901	1587.6	
3902	1587.6	
3903	1587.7	
3904	1587.6	
3905	1587.6	
3906	1587.7	
3907	1587.8	
3908	1587.8	
3909	1587.8	
3910	1587.7	
3911	1587.8	
3912	1587.8	
3913	1587.9	
3914	1587.8	
3915	1587.9	
3916	1587.9	
3917	1587.9	
3918	1588	
3919	1588	
3920	1587.9	
3921	1588	
3922	1588.1	
3923	1588.1	
3924	1588.1	
3925	1588.1	
3926	1588.2	
3927	1588.1	
3928	1588.2	
3929	1588.3	
3930	1588.3	
3931	1588.3	
3932	1588.3	
3933	1588.3	
3934	1588.3	
3935	1588.3	
3936	1588.3	
3937	1588.3	
3938	1588.3	
3939	1588.4	
3940	1588.3	
3941	1588.3	
3942	1588.3	
3943	1588.5	
3944	1588.5	
3945	1588.5	
3946	1588.5	
3947	1588.5	
3948	1588.6	
3949	1588.6	
3950	1588.6	
3951	1588.6	
3952	1588.7	
3953	1588.6	
3954	1588.7	
3955	1588.7	
3956	1588.7	
3957	1588.7	
3958	1588.7	
3959	1588.7	
3960	1588.7	
3961	1588.7	
3962	1588.8	
3963	1588.8	
3964	1588.9	
3965	1588.8	
3966	1588.7	
3967	1588.7	
3968	1588.8	
3969	1588.7	
3970	1588.8	
3971	1588.8	
3972	1588.8	
3973	1588.7	
3974	1588.8	
3975	1588.8	
3976	1588.8	
3977	1588.8	
3978	1588.9	
3979	1588.8	
3980	1588.8	
3981	1588.8	
3982	1588.7	
3983	1588.7	
3984	1588.8	
3985	1588.8	
3986	1588.8	
3987	1588.8	
3988	1588.8	
3989	1588.7	
3990	1588.8	
3991	1588.8	
3992	1588.8	
3993	1588.8	
3994	1588.7	
3995	1588.8	
3996	1588.7	
3997	1588.8	
3998	1588.7	
3999	1588.7	
4000	1588.7	
4001	1588.7	
4002	1588.7	
4003	1588.7	
4004	1588.7	
4005	1588.7	
4006	1588.7	
4007	1588.7	
4008	1588.7	
4009	1588.6	
4010	1588.6	
4011	1588.6	
4012	1588.6	
4013	1588.6	
4014	1588.6	
4015	1588.6	
4016	1588.5	
4017	1588.6	
4018	1588.6	
4019	1588.5	
4020	1588.4	
4021	1588.5	
4022	1588.5	
4023	1588.5	
4024	1588.5	
4025	1588.5	
4026	1588.5	
4027	1588.4	
4028	1588.5	
4029	1588.4	
4030	1588.4	
4031	1588.4	
4032	1588.4	
4033	1588.4	
4034	1588.3	
4035	1588.4	
4036	1588.4	
4037	1588.4	
4038	1588.4	
4039	1588.3	
4040	1588.3	
4041	1588.4	
4042	1588.4	
4043	1588.3	
4044	1588.3	
4045	1588.3	
4046	1588.2	
4047	1588.3	
4048	1588.3	
4049	1588.2	
4050	1588.2	
4051	1588.2	
4052	1588.2	
4053	1588.2	
4054	1588.2	
4055	1588.2	
4056	1588.2	
4057	1588.2	
4058	1588.2	
4059	1588.1	
4060	1588.1	
4061	1588.2	
4062	1588.1	
4063	1588.1	
4064	1588.1	
4065	1588	
4066	1588.1	
4067	1588	
4068	1588	
4069	1587.9	
4070	1588	
4071	1587.9	
4072	1587.9	
4073	1588	
4074	1588	
4075	1587.9	
4076	1587.9	
4077	1587.9	
4078	1587.8	
4079	1587.8	
4080	1587.7	
4081	1587.8	
4082	1587.7	
4083	1587.8	
4084	1587.7	
4085	1587.7	
4086	1587.7	
4087	1587.8	
4088	1587.7	
4089	1587.8	
4090	1587.7	
4091	1587.7	
4092	1587.7	
4093	1587.6	
4094	1587.6	
4095	1587.6	
4096	1587.7	
4097	1587.7	
4098	1587.6	
4099	1587.5	
4100	1587.6	
4101	1587.5	
4102	1587.6	
4103	1587.5	
4104	1587.5	
4105	1587.5	
4106	1587.4	
4107	1587.4	
4108	1587.4	
4109	1587.4	
4110	1587.3	
4111	1587.3	
4112	1587.4	
4113	1587.4	
4114	1587.3	
4115	1587.3	
4116	1587.3	
4117	1587.3	
4118	1587.2	
4119	1587.3	
4120	1587.3	
4121	1587.3	
4122	1587.2	
4123	1587.1	
4124	1587.2	
4125	1587.1	
4126	1587.1	
4127	1587.2	
4128	1587.2	
4129	1587.2	
4130	1587.2	
4131	1587	
4132	1587.2	
4133	1587.2	
4134	1587.2	
4135	1587.1	
4136	1587.1	
4137	1587.1	
4138	1587.1	
4139	1587.1	
4140	1587.1	
4141	1587.1	
4142	1587.2	
4143	1587.1	
4144	1587.2	
4145	1587.2	
4146	1587.1	
4147	1587.2	
4148	1587.2	
4149	1587.2	
4150	1587.2	
4151	1587.2	
4152	1587.2	
4153	1587.3	
4154	1587.2	
4155	1587.3	
4156	1587.2	
4157	1587.4	
4158	1587.4	
4159	1587.3	
4160	1587.4	
4161	1587.3	
4162	1587.5	
4163	1587.5	
4164	1587.6	
4165	1587.5	
4166	1587.6	
4167	1587.7	
4168	1587.6	
4169	1587.6	
4170	1587.6	
4171	1587.7	
4172	1587.6	
4173	1587.7	
4174	1587.8	
4175	1587.7	
4176	1587.7	
4177	1587.8	
4178	1587.7	
4179	1587.8	
4180	1587.8	
4181	1587.8	
4182	1587.9	
4183	1587.9	
4184	1587.9	
4185	1587.9	
4186	1588	
4187	1588	
4188	1588	
4189	1588	
4190	1588	
4191	1588.1	
4192	1588.2	
4193	1588.1	
4194	1588.1	
4195	1588.2	
4196	1588.1	
4197	1588.2	
4198	1588.2	
4199	1588.2	
4200	1588.3	
4201	1588.2	
4202	1588.3	
4203	1588.3	
4204	1588.3	
4205	1588.4	
4206	1588.4	
4207	1588.5	
4208	1588.4	
4209	1588.4	
4210	1588.5	
4211	1588.6	
4212	1588.6	
4213	1588.6	
4214	1588.6	
4215	1588.6	
4216	1588.6	
4217	1588.6	
4218	1588.7	
4219	1588.6	
4220	1588.7	
4221	1588.7	
4222	1588.7	
4223	1588.6	
4224	1588.7	
4225	1588.7	
4226	1588.7	
4227	1588.7	
4228	1588.8	
4229	1588.8	
4230	1588.7	
4231	1588.7	
4232	1588.7	
4233	1588.7	
4234	1588.7	
4235	1588.6	
4236	1588.7	
4237	1588.7	
4238	1588.7	
4239	1588.7	
4240	1588.7	
4241	1588.7	
4242	1588.6	
4243	1588.6	
4244	1588.6	
4245	1588.7	
4246	1588.7	
4247	1588.7	
4248	1588.6	
4249	1588.7	
4250	1588.6	
4251	1588.7	
4252	1588.7	
4253	1588.6	
4254	1588.6	
4255	1588.5	
4256	1588.6	
4257	1588.5	
4258	1588.5	
4259	1588.6	
4260	1588.5	
4261	1588.4	
4262	1588.5	
4263	1588.4	
4264	1588.4	
4265	1588.4	
4266	1588.5	
4267	1588.5	
4268	1588.4	
4269	1588.4	
4270	1588.5	
4271	1588.4	
4272	1588.4	
4273	1588.4	
4274	1588.4	
4275	1588.4	
4276	1588.4	
4277	1588.4	
4278	1588.3	
4279	1588.3	
4280	1588.3	
4281	1588.3	
4282	1588.3	
4283	1588.3	
4284	1588.3	
4285	1588.3	
4286	1588.2	
4287	1588.2	
4288	1588.2	
4289	1588.2	
4290	1588.2	
4291	1588.1	
4292	1588.1	
4293	1588.1	
4294	1588.1	
4295	1588.1	
4296	1588.1	
4297	1588	
4298	1588.1	
4299	1588	
4300	1588.1	
4301	1588	
4302	1588	
4303	1588	
4304	1588	
4305	1587.9	
4306	1587.9	
4307	1587.9	
4308	1587.8	
4309	1588	
4310	1587.9	
4311	1587.9	
4312	1587.9	
4313	1587.9	
4314	1587.8	
4315	1587.8	
4316	1587.9	
4317	1587.8	
4318	1587.9	
4319	1587.8	
4320	1587.8	
4321	1587.7	
4322	1587.7	
4323	1587.7	
4324	1587.7	
4325	1587.7	
4326	1587.8	
4327	1587.7	
4328	1587.7	
4329	1587.7	
4330	1587.6	
4331	1587.6	
4332	1587.6	
4333	1587.6	
4334	1587.6	
4335	1587.6	
4336	1587.6	
4337	1587.6	
4338	1587.5	
4339	1587.5	
4340	1587.6	
4341	1587.5	
4342	1587.6	
4343	1587.6	
4344	1587.5	
4345	1587.5	
4346	1587.4	
4347	1587.5	
4348	1587.4	
4349	1587.4	
4350	1587.4	
4351	1587.3	
4352	1587.4	
4353	1587.4	
4354	1587.4	
4355	1587.3	
4356	1587.4	
4357	1587.4	
4358	1587.3	
4359	1587.3	
4360	1587.2	
4361	1587.2	
4362	1587.3	
4363	1587.2	
4364	1587.2	
4365	1587.1	
4366	1587.2	
4367	1587.2	
4368	1587.1	
4369	1587.2	
4370	1587.1	
4371	1587	
4372	1587.1	
4373	1587.1	
4374	1587	
4375	1587	
4376	1587	
4377	1587	
4378	1587	
4379	1587.1	
4380	1586.9	
4381	1586.9	
4382	1586.9	
4383	1587	
4384	1587	
4385	1586.9	
4386	1586.9	
4387	1587	
4388	1586.9	
4389	1587	
4390	1587	
4391	1587	
4392	1586.9	
4393	1587	
4394	1586.9	
4395	1586.9	
4396	1587.1	
4397	1587.1	
4398	1587	
4399	1587.1	
4400	1587.1	
4401	1587.1	
4402	1587	
4403	1587	
4404	1587.1	
4405	1587	
4406	1587.1	
4407	1587.1	
4408	1587.1	
4409	1587.1	
4410	1587.2	
4411	1587.2	
4412	1587.3	
4413	1587.3	
4414	1587.3	
4415	1587.3	
4416	1587.4	
4417	1587.4	
4418	1587.4	
4419	1587.4	
4420	1587.4	
4421	1587.4	
4422	1587.4	
4423	1587.4	
4424	1587.5	
4425	1587.5	
4426	1587.6	
4427	1587.7	
4428	1587.5	
4429	1587.6	
4430	1587.6	
4431	1587.6	
4432	1587.7	
4433	1587.6	
4434	1587.7	
4435	1587.7	
4436	1587.7	
4437	1587.6	
4438	1587.7	
4439	1587.8	
4440	1587.8	
4441	1587.8	
4442	1587.8	
4443	1587.8	
4444	1587.8	
4445	1587.8	
4446	1587.9	
4447	1587.8	
4448	1587.8	
4449	1587.8	
4450	1587.9	
4451	1587.9	
4452	1587.9	
4453	1588	
4454	1588	
4455	1588	
4456	1588	
4457	1588	
4458	1588.1	
4459	1588.1	
4460	1588	
4461	1588.1	
4462	1588.1	
4463	1588.1	
4464	1588.1	
4465	1588.2	
4466	1588.2	
4467	1588.2	
4468	1588.2	
4469	1588.3	
4470	1588.2	
4471	1588.3	
4472	1588.3	
4473	1588.3	
4474	1588.3	
4475	1588.2	
4476	1588.3	
4477	1588.3	
4478	1588.3	
4479	1588.3	
4480	1588.3	
4481	1588.3	
4482	1588.3	
4483	1588.2	
4484	1588.3	
4485	1588.3	
4486	1588.3	
4487	1588.3	
4488	1588.3	
4489	1588.3	
4490	1588.3	
4491	1588.3	
4492	1588.2	
4493	1588.3	
4494	1588.4	
4495	1588.3	
4496	1588.3	
4497	1588.3	
4498	1588.2	
4499	1588.2	
4500	1588.3	
4501	1588.3	
4502	1588.2	
4503	1588.2	
4504	1588.3	
4505	1588.2	
4506	1588.2	
4507	1588.1	
4508	1588.2	
4509	1588.2	
4510	1588.2	
4511	1588.1	
4512	1588.2	
4513	1588.1	
4514	1588.1	
4515	1588.1	
4516	1588.1	
4517	1588.1	
4518	1588.1	
4519	1588.1	
4520	1588.1	
4521	1588.1	
4522	1588.1	
4523	1588	
4524	1588.1	
4525	1588	
4526	1588	
4527	1588	
4528	1588.1	
4529	1588	
4530	1588.1	
4531	1588.1	
4532	1588.1	
4533	1588	
4534	1588	
4535	1588	
4536	1588	
4537	1588	
4538	1588	
4539	1588	
4540	1587.9	
4541	1587.9	
4542	1587.9	
4543	1587.9	
4544	1587.8	
4545	1587.9	
4546	1587.9	
4547	1588	
4548	1587.9	
4549	1587.9	
4550	1587.9	
4551	1587.9	
4552	1587.8	
4553	1587.8	
4554	1587.8	
4555	1587.8	
4556	1587.7	
4557	1587.7	
4558	1587.8	
4559	1587.7	
4560	1587.7	
4561	1587.7	
4562	1587.7	
4563	1587.7	
4564	1587.7	
4565	1587.7	
4566	1587.6	
4567	1587.6	
4568	1587.6	
4569	1587.6	
4570	1587.6	
4571	1587.5	
4572	1587.6	
4573	1587.6	
4574	1587.5	
4575	1587.5	
4576	1587.5	
4577	1587.5	
4578	1587.5	
4579	1587.5	
4580	1587.4	
4581	1587.4	
4582	1587.3	
4583	1587.4	
4584	1587.3	
4585	1587.4	
4586	1587.4	
4587	1587.2	
4588	1587.3	
4589	1587.3	
4590	1587.2	
4591	1587.2	
4592	1587.3	
4593	1587.3	
4594	1587.2	
4595	1587.2	
4596	1587.2	
4597	1587.3	
4598	1587.2	
4599	1587.2	
4600	1587.1	
4601	1587.2	
4602	1587.1	
4603	1587.1	
4604	1587.1	
4605	1587	
4606	1587	
4607	1587	
4608	1586.9	
4609	1587	
4610	1586.9	
4611	1587	
4612	1586.9	
4613	1587	
4614	1586.9	
4615	1586.9	
4616	1586.9	
4617	1586.9	
4618	1586.9	
4619	1586.8	
4620	1586.8	
4621	1586.8	
4622	1586.8	
4623	1586.7	
4624	1586.7	
4625	1586.7	
4626	1586.6	
4627	1586.7	
4628	1586.6	
4629	1586.7	
4630	1586.6	
4631	1586.7	
4632	1586.7	
4633	1586.6	
4634	1586.6	
4635	1586.5	
4636	1586.6	
4637	1586.5	
4638	1586.6	
4639	1586.5	
4640	1586.5	
4641	1586.4	
4642	1586.6	
4643	1586.5	
4644	1586.4	
4645	1586.4	
4646	1586.4	
4647	1586.4	
4648	1586.5	
4649	1586.5	
4650	1586.5	
4651	1586.5	
4652	1586.5	
4653	1586.4	
4654	1586.5	
4655	1586.5	
4656	1586.5	
4657	1586.4	
4658	1586.5	
4659	1586.5	
4660	1586.6	
4661	1586.6	
4662	1586.5	
4663	1586.5	
4664	1586.5	
4665	1586.5	
4666	1586.5	
4667	1586.5	
4668	1586.6	
4669	1586.6	
4670	1586.7	
4671	1586.6	
4672	1586.6	
4673	1586.7	
4674	1586.7	
4675	1586.7	
4676	1586.8	
4677	1586.8	
4678	1586.7	
4679	1586.9	
4680	1586.8	
4681	1586.9	
4682	1586.8	
4683	1586.8	
4684	1586.9	
4685	1586.9	
4686	1587	
4687	1587.1	
4688	1587	
4689	1587.1	
4690	1587	
4691	1587.1	
4692	1587.1	
4693	1587.1	
4694	1587.2	
4695	1587.1	
4696	1587.2	
4697	1587.2	
4698	1587.2	
4699	1587.3	
4700	1587.3	
4701	1587.3	
4702	1587.3	
4703	1587.3	
4704	1587.3	
4705	1587.3	
4706	1587.4	
4707	1587.4	
4708	1587.4	
4709	1587.4	
4710	1587.4	
4711	1587.4	
4712	1587.4	
4713	1587.4	
4714	1587.4	
4715	1587.5	
4716	1587.6	
4717	1587.5	
4718	1587.6	
4719	1587.6	
4720	1587.6	
4721	1587.6	
4722	1587.6	
4723	1587.7	
4724	1587.7	
4725	1587.7	
4726	1587.7	
4727	1587.8	
4728	1587.7	
4729	1587.8	
4730	1587.8	
4731	1587.8	
4732	1587.8	
4733	1587.8	
4734	1587.9	
4735	1587.9	
4736	1587.8	
4737	1587.8	
4738	1587.9	
4739	1587.9	
4740	1588	
4741	1588	
4742	1588	
4743	1588	
4744	1587.9	
4745	1588	
4746	1588	
4747	1588	
4748	1587.9	
4749	1587.9	
4750	1588	
4751	1588	
4752	1587.9	
4753	1588	
4754	1587.9	
4755	1587.9	
4756	1587.9	
4757	1588	
4758	1588	
4759	1588	
4760	1587.8	
4761	1587.8	
4762	1587.8	
4763	1587.8	
4764	1587.9	
4765	1587.8	
4766	1587.9	
4767	1587.9	
4768	1587.9	
4769	1587.7	
4770	1587.8	
4771	1587.8	
4772	1587.8	
4773	1587.8	
4774	1587.7	
4775	1587.7	
4776	1587.7	
4777	1587.8	
4778	1587.8	
4779	1587.7	
4780	1587.8	
4781	1587.7	
4782	1587.7	
4783	1587.8	
4784	1587.7	
4785	1587.7	
4786	1587.7	
4787	1587.7	
4788	1587.7	
4789	1587.7	
4790	1587.7	
4791	1587.7	
4792	1587.7	
4793	1587.6	
4794	1587.6	
4795	1587.5	
4796	1587.6	
4797	1587.6	
4798	1587.6	
4799	1587.6	
4800	1587.6	
4801	1587.6	
4802	1587.5	
4803	1587.5	
4804	1587.5	
4805	1587.5	
4806	1587.4	
4807	1587.4	
4808	1587.4	
4809	1587.4	
4810	1587.3	
4811	1587.4	
4812	1587.3	
4813	1587.3	
4814	1587.4	
4815	1587.3	
4816	1587.4	
4817	1587.3	
4818	1587.3	
4819	1587.3	
4820	1587.2	
4821	1587.3	
4822	1587.2	
4823	1587.2	
4824	1587.2	
4825	1587.2	
4826	1587.2	
4827	1587.1	
4828	1587.1	
4829	1587.1	
4830	1587.1	
4831	1587.1	
4832	1587	
4833	1587.1	
4834	1587.1	
4835	1587.1	
4836	1587.1	
4837	1587.1	
4838	1587.1	
4839	1586.9	
4840	1586.9	
4841	1587	
4842	1586.9	
4843	1587	
4844	1586.9	
4845	1586.8	
4846	1586.9	
4847	1586.8	
4848	1586.9	
4849	1586.9	
4850	1586.9	
4851	1586.9	
4852	1586.8	
4853	1586.8	
4854	1586.9	
4855	1586.8	
4856	1586.8	
4857	1586.8	
4858	1586.7	
4859	1586.7	
4860	1586.7	
4861	1586.6	
4862	1586.8	
4863	1586.7	
4864	1586.6	
4865	1586.6	
4866	1586.6	
4867	1586.5	
4868	1586.5	
4869	1586.6	
4870	1586.5	
4871	1586.6	
4872	1586.5	
4873	1586.5	
4874	1586.5	
4875	1586.5	
4876	1586.4	
4877	1586.4	
4878	1586.4	
4879	1586.4	
4880	1586.4	
4881	1586.4	
4882	1586.3	
4883	1586.4	
4884	1586.3	
4885	1586.4	
4886	1586.4	
4887	1586.4	
4888	1586.3	
4889	1586.3	
4890	1586.2	
4891	1586.3	
4892	1586.2	
4893	1586.2	
4894	1586.3	
4895	1586.2	
4896	1586.2	
4897	1586	
4898	1586.1	
4899	1586.2	
4900	1586.1	
4901	1586.1	
4902	1586.1	
4903	1586.1	
4904	1586.1	
4905	1586.1	
4906	1586.1	
4907	1586	
4908	1586	
4909	1586.1	
4910	1586.1	
4911	1586	
4912	1586.1	
4913	1586	
4914	1586.1	
4915	1586.1	
4916	1586.1	
4917	1586.2	
4918	1586	
4919	1586.1	
4920	1586.1	
4921	1586.2	
4922	1586.1	
4923	1586.2	
4924	1586.2	
4925	1586.2	
4926	1586.2	
4927	1586.2	
4928	1586.2	
4929	1586.3	
4930	1586.3	
4931	1586.3	
4932	1586.4	
4933	1586.4	
4934	1586.3	
4935	1586.4	
4936	1586.4	
4937	1586.5	
4938	1586.4	
4939	1586.4	
4940	1586.4	
4941	1586.5	
4942	1586.5	
4943	1586.5	
4944	1586.5	
4945	1586.6	
4946	1586.6	
4947	1586.6	
4948	1586.7	
4949	1586.6	
4950	1586.7	
4951	1586.7	
4952	1586.8	
4953	1586.7	
4954	1586.8	
4955	1586.8	
4956	1586.8	
4957	1586.8	
4958	1586.8	
4959	1586.8	
4960	1586.9	
4961	1586.9	
4962	1586.9	
4963	1586.9	
4964	1587	
4965	1586.9	
4966	1586.9	
4967	1586.8	
4968	1587	
4969	1586.9	
4970	1586.9	
4971	1587	
4972	1586.9	
4973	1586.9	
4974	1587	
4975	1587	
4976	1587.1	
4977	1587	
4978	1587.1	
4979	1587.2	
4980	1587.2	
4981	1587.1	
4982	1587.2	
4983	1587.2	
4984	1587.3	
4985	1587.4	
4986	1587.3	
4987	1587.4	
4988	1587.4	
4989	1587.4	
4990	1587.3	
4991	1587.5	
4992	1587.4	
4993	1587.5	
4994	1587.5	
4995	1587.4	
4996	1587.5	
4997	1587.4	
4998	1587.5	
4999	1587.4	
5000	1587.5	
5001	1587.5	
5002	1587.4	
5003	1587.5	
5004	1587.5	
5005	1587.5	
5006	1587.5	
5007	1587.4	
5008	1587.5	
5009	1587.5	
5010	1587.4	
5011	1587.4	
5012	1587.5	
5013	1587.3	
5014	1587.4	
5015	1587.5	
5016	1587.4	
5017	1587.4	
5018	1587.4	
5019	1587.3	
5020	1587.4	
5021	1587.4	
5022	1587.3	
5023	1587.4	
5024	1587.4	
5025	1587.4	
5026	1587.3	
5027	1587.4	
5028	1587.4	
5029	1587.4	
5030	1587.4	
5031	1587.4	
5032	1587.3	
5033	1587.3	
5034	1587.4	
5035	1587.3	
5036	1587.3	
5037	1587.3	
5038	1587.3	
5039	1587.3	
5040	1587.3	
5041	1587.3	
5042	1587.2	
5043	1587.3	
5044	1587.2	
5045	1587.3	
5046	1587.3	
5047	1587.2	
5048	1587.2	
5049	1587.2	
5050	1587.2	
5051	1587.1	
5052	1587.2	
5053	1587.1	
5054	1587.1	
5055	1587.1	
5056	1587.1	
5057	1587.1	
5058	1587.1	
5059	1587.1	
5060	1587	
5061	1587.1	
5062	1587	
5063	1587.1	
5064	1587	
5065	1587	
5066	1587	
5067	1586.9	
5068	1587	
5069	1587	
5070	1586.9	
5071	1587	
5072	1586.8	
5073	1586.9	
5074	1586.9	
5075	1586.8	
5076	1586.9	
5077	1586.9	
5078	1586.8	
5079	1586.9	
5080	1586.7	
5081	1586.7	
5082	1586.7	
5083	1586.9	
5084	1586.7	
5085	1586.8	
5086	1586.7	
5087	1586.7	
5088	1586.7	
5089	1586.7	
5090	1586.7	
5091	1586.6	
5092	1586.6	
5093	1586.6	
5094	1586.5	
5095	1586.6	
5096	1586.6	
5097	1586.6	
5098	1586.6	
5099	1586.5	
5100	1586.5	
5101	1586.5	
5102	1586.5	
5103	1586.6	
5104	1586.6	
5105	1586.5	
5106	1586.5	
5107	1586.5	
5108	1586.4	
5109	1586.4	
5110	1586.4	
5111	1586.4	
5112	1586.4	
5113	1586.3	
5114	1586.3	
5115	1586.3	
5116	1586.4	
5117	1586.2	
5118	1586.3	
5119	1586.3	
5120	1586.3	
5121	1586.3	
5122	1586.2	
5123	1586.3	
5124	1586.2	
5125	1586.2	
5126	1586.2	
5127	1586.2	
5128	1586.2	
5129	1586.2	
5130	1586.1	
5131	1586.1	
5132	1586	
5133	1586	
5134	1586.1	
5135	1586.1	
5136	1586	
5137	1586	
5138	1585.9	
5139	1585.9	
5140	1586	
5141	1586	
5142	1585.9	
5143	1585.9	
5144	1585.8	
5145	1585.8	
5146	1585.8	
5147	1585.9	
5148	1585.8	
5149	1585.7	
5150	1585.7	
5151	1585.9	
5152	1585.9	
5153	1585.8	
5154	1585.7	
5155	1585.7	
5156	1585.7	
5157	1585.8	
5158	1585.7	
5159	1585.7	
5160	1585.8	
5161	1585.7	
5162	1585.8	
5163	1585.7	
5164	1585.6	
5165	1585.7	
5166	1585.8	
5167	1585.8	
5168	1585.7	
5169	1585.8	
5170	1585.8	
5171	1585.8	
5172	1585.8	
5173	1585.8	
5174	1585.8	
5175	1585.8	
5176	1585.8	
5177	1585.8	
5178	1585.9	
5179	1585.9	
5180	1585.9	
5181	1585.9	
5182	1586	
5183	1586	
5184	1586	
5185	1586.1	
5186	1586.1	
5187	1586.1	
5188	1586.1	
5189	1586.2	
5190	1586.2	
5191	1586.1	
5192	1586.2	
5193	1586.3	
5194	1586.2	
5195	1586.3	
5196	1586.3	
5197	1586.3	
5198	1586.3	
5199	1586.4	
5200	1586.4	
5201	1586.4	
5202	1586.4	
5203	1586.4	
5204	1586.4	
5205	1586.5	
5206	1586.4	
5207	1586.5	
5208	1586.5	
5209	1586.5	
5210	1586.6	
5211	1586.5	
5212	1586.5	
5213	1586.5	
5214	1586.5	
5215	1586.6	
5216	1586.6	
5217	1586.6	
5218	1586.6	
5219	1586.6	
5220	1586.6	
5221	1586.7	
5222	1586.7	
5223	1586.7	
5224	1586.7	
5225	1586.7	
5226	1586.6	
5227	1586.8	
5228	1586.8	
5229	1586.9	
5230	1586.8	
5231	1586.9	
5232	1586.9	
5233	1587	
5234	1587	
5235	1587	
5236	1587	
5237	1587	
5238	1587	
5239	1587.1	
5240	1587	
5241	1587.1	
5242	1587	
5243	1587.1	
5244	1587.1	
5245	1587.1	
5246	1587	
5247	1587.1	
5248	1587	
5249	1587.1	
5250	1587.1	
5251	1587.1	
5252	1587	
5253	1587.1	
5254	1587.1	
5255	1587	
5256	1587	
5257	1587.1	
5258	1587.1	
5259	1587	
5260	1587.1	
5261	1587.1	
5262	1587.1	
5263	1587.1	
5264	1587.1	
5265	1587.1	
5266	1587.1	
5267	1587.1	
5268	1587.1	
5269	1587.1	
5270	1587.1	
5271	1587	
5272	1587	
5273	1587	
5274	1587	
5275	1587	
5276	1587	
5277	1587	
5278	1587	
5279	1587	
5280	1586.9	
5281	1587	
5282	1587	
5283	1586.9	
5284	1586.9	
5285	1587	
5286	1586.9	
5287	1587	
5288	1586.9	
5289	1586.9	
5290	1586.9	
5291	1586.9	
5292	1586.9	
5293	1586.9	
5294	1586.9	
5295	1586.9	
5296	1587	
5297	1586.9	
5298	1586.8	
5299	1586.8	
5300	1586.8	
5301	1586.8	
5302	1586.9	
5303	1586.9	
5304	1586.8	
5305	1586.8	
5306	1586.9	
5307	1586.8	
5308	1586.9	
5309	1586.7	
5310	1586.8	
5311	1586.7	
5312	1586.7	
5313	1586.8	
5314	1586.7	
5315	1586.8	
5316	1586.8	
5317	1586.7	
5318	1586.7	
5319	1586.7	
5320	1586.6	
5321	1586.7	
5322	1586.7	
5323	1586.6	
5324	1586.6	
5325	1586.6	
5326	1586.6	
5327	1586.6	
5328	1586.6	
5329	1586.6	
5330	1586.6	
5331	1586.5	
5332	1586.6	
5333	1586.6	
5334	1586.4	
5335	1586.4	
5336	1586.5	
5337	1586.5	
5338	1586.4	
5339	1586.5	
5340	1586.4	
5341	1586.5	
5342	1586.4	
5343	1586.3	
5344	1586.3	
5345	1586.4	
5346	1586.3	
5347	1586.3	
5348	1586.3	
5349	1586.2	
5350	1586.3	
5351	1586.2	
5352	1586.3	
5353	1586.2	
5354	1586.3	
5355	1586.1	
5356	1586.2	
5357	1586.1	
5358	1586.1	
5359	1586.1	
5360	1586.1	
5361	1586	
5362	1586.1	
5363	1586	
5364	1586	
5365	1585.9	
5366	1585.9	
5367	1585.9	
5368	1585.9	
5369	1586	
5370	1585.9	
5371	1585.9	
5372	1585.8	
5373	1585.9	
5374	1585.8	
5375	1585.8	
5376	1585.8	
5377	1585.7	
5378	1585.7	
5379	1585.7	
5380	1585.7	
5381	1585.7	
5382	1585.7	
5383	1585.6	
5384	1585.6	
5385	1585.6	
5386	1585.6	
5387	1585.6	
5388	1585.5	
5389	1585.6	
5390	1585.4	
5391	1585.5	
5392	1585.6	
5393	1585.5	
5394	1585.4	
5395	1585.5	
5396	1585.4	
5397	1585.4	
5398	1585.4	
5399	1585.4	
5400	1585.4	
5401	1585.4	
5402	1585.3	
5403	1585.4	
5404	1585.4	
5405	1585.4	
5406	1585.3	
5407	1585.4	
5408	1585.4	
5409	1585.4	
5410	1585.3	
5411	1585.4	
5412	1585.4	
5413	1585.4	
5414	1585.3	
5415	1585.4	
5416	1585.4	
5417	1585.4	
5418	1585.4	
5419	1585.5	
5420	1585.5	
5421	1585.4	
5422	1585.4	
5423	1585.5	
5424	1585.4	
5425	1585.5	
5426	1585.5	
5427	1585.6	
5428	1585.6	
5429	1585.6	
5430	1585.6	
5431	1585.7	
5432	1585.6	
5433	1585.7	
5434	1585.8	
5435	1585.7	
5436	1585.7	
5437	1585.8	
5438	1585.9	
5439	1585.9	
5440	1585.8	
5441	1585.9	
5442	1585.9	
5443	1585.9	
5444	1586	
5445	1585.9	
5446	1586	
5447	1586	
5448	1586	
5449	1586	
5450	1586.1	
5451	1586.1	
5452	1586.1	
5453	1586.1	
5454	1586.2	
5455	1586.2	
5456	1586.2	
5457	1586.2	
5458	1586.3	
5459	1586.2	
5460	1586.3	
5461	1586.2	
5462	1586.3	
5463	1586.3	
5464	1586.3	
5465	1586.3	
5466	1586.4	
5467	1586.4	
5468	1586.3	
5469	1586.4	
5470	1586.3	
5471	1586.4	
5472	1586.4	
5473	1586.4	
5474	1586.4	
5475	1586.5	
5476	1586.5	
5477	1586.5	
5478	1586.5	
5479	1586.5	
5480	1586.6	
5481	1586.6	
5482	1586.6	
5483	1586.6	
5484	1586.6	
5485	1586.7	
5486	1586.6	
5487	1586.6	
5488	1586.6	
5489	1586.7	
5490	1586.7	
5491	1586.6	
5492	1586.6	
5493	1586.5	
5494	1586.6	
5495	1586.6	
5496	1586.5	
5497	1586.7	
5498	1586.6	
5499	1586.7	
5500	1586.6	
5501	1586.6	
5502	1586.7	
5503	1586.7	
5504	1586.5	
5505	1586.6	
5506	1586.6	
5507	1586.6	
5508	1586.7	
5509	1586.6	
5510	1586.6	
5511	1586.6	
5512	1586.5	
5513	1586.6	
5514	1586.5	
5515	1586.6	
5516	1586.6	
5517	1586.7	
5518	1586.7	
5519	1586.5	
5520	1586.6	
5521	1586.6	
5522	1586.6	
5523	1586.6	
5524	1586.6	
5525	1586.6	
5526	1586.5	
5527	1586.6	
5528	1586.6	
5529	1586.6	
5530	1586.6	
5531	1586.5	
5532	1586.6	
5533	1586.5	
5534	1586.6	
5535	1586.5	
5536	1586.4	
5537	1586.5	
5538	1586.5	
5539	1586.5	
5540	1586.4	
5541	1586.5	
5542	1586.5	
5543	1586.5	
5544	1586.5	
5545	1586.4	
5546	1586.4	
5547	1586.3	
5548	1586.5	
5549	1586.4	
5550	1586.4	
5551	1586.3	
5552	1586.4	
5553	1586.3	
5554	1586.3	
5555	1586.3	
5556	1586.3	
5557	1586.3	
5558	1586.2	
5559	1586.2	
5560	1586.2	
5561	1586.2	
5562	1586.2	
5563	1586.2	
5564	1586.1	
5565	1586.1	
5566	1586.1	
5567	1586.1	
5568	1586.1	
5569	1586.1	
5570	1585.9	
5571	1586.1	
5572	1586	
5573	1586	
5574	1586	
5575	1586	
5576	1586	
5577	1585.9	
5578	1586	
5579	1586	
5580	1586	
5581	1585.9	
5582	1585.9	
5583	1585.9	
5584	1585.9	
5585	1585.9	
5586	1585.9	
5587	1585.8	
5588	1585.9	
5589	1585.9	
5590	1585.8	
5591	1585.8	
5592	1585.7	
5593	1585.7	
5594	1585.7	
5595	1585.7	
5596	1585.7	
5597	1585.7	
5598	1585.7	
5599	1585.7	
5600	1585.7	
5601	1585.7	
5602	1585.7	
5603	1585.7	
5604	1585.6	
5605	1585.6	
5606	1585.6	
5607	1585.6	
5608	1585.6	
5609	1585.5	
5610	1585.6	
5611	1585.6	
5612	1585.5	
5613	1585.4	
5614	1585.5	
5615	1585.4	
5616	1585.3	
5617	1585.3	
5618	1585.4	
5619	1585.2	
5620	1585.3	
5621	1585.2	
5622	1585.2	
5623	1585.3	
5624	1585.3	
5625	1585.2	
5626	1585.2	
5627	1585.1	
5628	1585.2	
5629	1585.1	
5630	1585.1	
5631	1585.1	
5632	1585.1	
5633	1585.1	
5634	1585	
5635	1585.1	
5636	1585.1	
5637	1585	
5638	1585.1	
5639	1585	
5640	1585.1	
5641	1584.9	
5642	1585	
5643	1584.9	
5644	1584.8	
5645	1584.9	
5646	1584.8	
5647	1584.8	
5648	1584.9	
5649	1584.8	
5650	1584.8	
5651	1584.8	
5652	1584.7	
5653	1584.8	
5654	1584.8	
5655	1584.8	
5656	1584.8	
5657	1584.8	
5658	1584.8	
5659	1584.8	
5660	1584.8	
5661	1584.7	
5662	1584.8	
5663	1584.8	
5664	1584.8	
5665	1584.8	
5666	1584.7	
5667	1584.8	
5668	1584.8	
5669	1584.8	
5670	1584.8	
5671	1584.8	
5672	1584.8	
5673	1584.9	
5674	1584.8	
5675	1584.8	
5676	1584.9	
5677	1584.8	
5678	1584.9	
5679	1585	
5680	1584.8	
5681	1585	
5682	1584.9	
5683	1585	
5684	1585	
5685	1585	
5686	1585.1	
5687	1585.1	
5688	1585.2	
5689	1585.1	
5690	1585.2	
5691	1585.2	
5692	1585.2	
5693	1585.1	
5694	1585.2	
5695	1585.2	
5696	1585.3	
5697	1585.3	
5698	1585.4	
5699	1585.3	
5700	1585.3	
5701	1585.4	
5702	1585.4	
5703	1585.4	
5704	1585.4	
5705	1585.5	
5706	1585.4	
5707	1585.4	
5708	1585.5	
5709	1585.5	
5710	1585.5	
5711	1585.6	
5712	1585.5	
5713	1585.5	
5714	1585.7	
5715	1585.6	
5716	1585.5	
5717	1585.6	
5718	1585.6	
5719	1585.6	
5720	1585.6	
5721	1585.7	
5722	1585.6	
5723	1585.7	
5724	1585.8	
5725	1585.7	
5726	1585.8	
5727	1585.7	
5728	1585.9	
5729	1585.8	
5730	1585.9	
5731	1585.9	
5732	1585.9	
5733	1585.9	
5734	1585.9	
5735	1585.9	
5736	1586	
5737	1586	
5738	1586.1	
5739	1586	
5740	1586	
5741	1586	
5742	1586.1	
5743	1586.1	
5744	1586.1	
5745	1586.2	
5746	1586.1	
5747	1586.1	
5748	1586.1	
5749	1586.1	
5750	1586.2	
5751	1586.1	
5752	1586.1	
5753	1586.1	
5754	1586.1	
5755	1586.1	
5756	1586.2	
5757	1586.3	
5758	1586.1	
5759	1586.1	
5760	1586.1	
5761	1586.1	
5762	1586	
5763	1586.1	
5764	1586.2	
5765	1586.1	
5766	1586.1	
5767	1586.1	
5768	1586.1	
5769	1586.2	
5770	1586.1	
5771	1586.1	
5772	1586.1	
5773	1586	
5774	1586.1	
5775	1586	
5776	1586	
5777	1586	
5778	1586	
5779	1586.1	
5780	1586	
5781	1585.9	
5782	1585.9	
5783	1585.9	
5784	1585.9	
5785	1585.9	
5786	1585.9	
5787	1585.8	
5788	1585.9	
5789	1585.8	
5790	1585.8	
5791	1585.7	
5792	1585.8	
5793	1585.8	
5794	1585.7	
5795	1585.7	
5796	1585.7	
5797	1585.7	
5798	1585.8	
5799	1585.7	
5800	1585.7	
5801	1585.6	
5802	1585.6	
5803	1585.7	
5804	1585.7	
5805	1585.6	
5806	1585.5	
5807	1585.5	
5808	1585.5	
5809	1585.5	
5810	1585.4	
5811	1585.5	
5812	1585.5	
5813	1585.4	
5814	1585.4	
5815	1585.4	
5816	1585.4	
5817	1585.4	
5818	1585.4	
5819	1585.3	
5820	1585.4	
5821	1585.4	
5822	1585.2	
5823	1585.3	
5824	1585.4	
5825	1585.3	
5826	1585.3	
5827	1585.3	
5828	1585.2	
5829	1585.2	
5830	1585.2	
5831	1585.1	
5832	1585.2	
5833	1585.2	
5834	1585.2	
5835	1585.1	
5836	1585.2	
5837	1585.1	
5838	1585	
5839	1585	
5840	1585	
5841	1585.2	
5842	1585.1	
5843	1585.1	
5844	1585	
5845	1584.9	
5846	1585	
5847	1585	
5848	1584.9	
5849	1584.9	
5850	1585	
5851	1584.9	
5852	1584.9	
5853	1584.9	
5854	1584.9	
5855	1584.9	
5856	1584.9	
5857	1584.9	
5858	1584.9	
5859	1585	
5860	1585	
5861	1584.9	
5862	1584.9	
5863	1584.8	
5864	1584.8	
5865	1584.8	
5866	1584.7	
5867	1584.8	
5868	1584.7	
5869	1584.7	
5870	1584.7	
5871	1584.7	
5872	1584.6	
5873	1584.7	
5874	1584.7	
5875	1584.7	
5876	1584.7	
5877	1584.7	
5878	1584.7	
5879	1584.6	
5880	1584.6	
5881	1584.6	
5882	1584.6	
5883	1584.5	
5884	1584.5	
5885	1584.5	
5886	1584.5	
5887	1584.4	
5888	1584.4	
5889	1584.3	
5890	1584.5	
5891	1584.4	
5892	1584.4	
5893	1584.4	
5894	1584.4	
5895	1584.4	
5896	1584.4	
5897	1584.4	
5898	1584.4	
5899	1584.2	
5900	1584.3	
5901	1584.3	
5902	1584.3	
5903	1584.3	
5904	1584.2	
5905	1584.3	
5906	1584.2	
5907	1584.3	
5908	1584.2	
5909	1584.2	
5910	1584.3	
5911	1584.3	
5912	1584.3	
5913	1584.2	
5914	1584.2	
5915	1584.2	
5916	1584.2	
5917	1584.3	
5918	1584.2	
5919	1584.3	
5920	1584.3	
5921	1584.2	
5922	1584.2	
5923	1584.3	
5924	1584.2	
5925	1584.2	
5926	1584.3	
5927	1584.2	
5928	1584.3	
5929	1584.3	
5930	1584.4	
5931	1584.3	
5932	1584.3	
5933	1584.4	
5934	1584.4	
5935	1584.3	
5936	1584.4	
5937	1584.5	
5938	1584.4	
5939	1584.5	
5940	1584.6	
5941	1584.6	
5942	1584.6	
5943	1584.5	
5944	1584.6	
5945	1584.6	
5946	1584.6	
5947	1584.7	
5948	1584.8	
5949	1584.7	
5950	1584.7	
5951	1584.8	
5952	1584.7	
5953	1584.7	
5954	1584.7	
5955	1584.7	
5956	1584.8	
5957	1584.7	
5958	1584.8	
5959	1584.8	
5960	1584.8	
5961	1584.7	
5962	1584.8	
5963	1584.8	
5964	1584.8	
5965	1584.9	
5966	1584.9	
5967	1584.9	
5968	1585	
5969	1585	
5970	1585	
5971	1585	
5972	1585.1	
5973	1585.1	
5974	1585.1	
5975	1585.1	
5976	1585.2	
5977	1585.2	
5978	1585.2	
5979	1585.1	
5980	1585.1	
5981	1585.1	
5982	1585.2	
5983	1585.2	
5984	1585.3	
5985	1585.3	
5986	1585.2	
5987	1585.2	
5988	1585.1	
5989	1585.2	
5990	1585.3	
5991	1585.1	
5992	1585.2	
5993	1585.3	
5994	1585.2	
5995	1585.2	
5996	1585.1	
5997	1585.1	
5998	1585.1	
5999	1585.1	
6000	1585.2	
6001	1585.2	
6002	1585.2	
6003	1585.2	
6004	1585.1	
6005	1585.2	
6006	1585.2	
6007	1585.2	
6008	1585.1	
6009	1585.1	
6010	1585.2	
6011	1585.3	
6012	1585.1	
6013	1585.2	
6014	1585.2	
6015	1585.2	
6016	1585.2	
6017	1585.2	
6018	1585.2	
6019	1585.1	
6020	1585.1	
6021	1585.1	
6022	1585.1	
6023	1585.1	
6024	1585.1	
6025	1585	
6026	1585	
6027	1585	
6028	1585.1	
6029	1585	
6030	1585.1	
6031	1585	
6032	1585	
6033	1585	
6034	1584.9	
6035	1585	
6036	1585	
6037	1584.9	
6038	1585	
6039	1584.9	
6040	1584.9	
6041	1585	
6042	1584.9	
6043	1584.9	
6044	1584.9	
6045	1585	
6046	1584.9	
6047	1584.9	
6048	1585	
6049	1584.9	
6050	1585	
6051	1584.9	
6052	1584.9	
6053	1585	
6054	1584.8	
6055	1584.9	
6056	1584.8	
6057	1584.8	
6058	1584.8	
6059	1584.8	
6060	1584.8	
6061	1584.8	
6062	1584.8	
6063	1584.8	
6064	1584.8	
6065	1584.7	
6066	1584.7	
6067	1584.7	
6068	1584.7	
6069	1584.6	
6070	1584.6	
6071	1584.6	
6072	1584.6	
6073	1584.5	
6074	1584.6	
6075	1584.4	
6076	1584.5	
6077	1584.5	
6078	1584.5	
6079	1584.5	
6080	1584.4	
6081	1584.4	
6082	1584.4	
6083	1584.4	
6084	1584.4	
6085	1584.3	
6086	1584.4	
6087	1584.2	
6088	1584.3	
6089	1584.3	
6090	1584.3	
6091	1584.2	
6092	1584.2	
6093	1584	
6094	1584.1	
6095	1584.2	
6096	1584.2	
6097	1584	
6098	1584.1	
6099	1584	
6100	1584	
6101	1584.1	
6102	1584	
6103	1584	
6104	1584	
6105	1584	
6106	1584	
6107	1583.9	
6108	1583.9	
6109	1584	
6110	1584	
6111	1583.9	
6112	1583.9	
6113	1583.9	
6114	1583.9	
6115	1583.9	
6116	1583.9	
6117	1583.8	
6118	1583.7	
6119	1583.8	
6120	1583.7	
6121	1583.7	
6122	1583.7	
6123	1583.6	
6124	1583.6	
6125	1583.6	
6126	1583.6	
6127	1583.6	
6128	1583.5	
6129	1583.6	
6130	1583.6	
6131	1583.5	
6132	1583.5	
6133	1583.4	
6134	1583.4	
6135	1583.4	
6136	1583.4	
6137	1583.4	
6138	1583.4	
6139	1583.4	
6140	1583.4	
6141	1583.4	
6142	1583.4	
6143	1583.4	
6144	1583.3	
6145	1583.4	
6146	1583.3	
6147	1583.3	
6148	1582.1	
6149	1551.5	
6150	1524.6	
6151	1500	
6152	1477.2	
6153	1415.2	
6154	1358.1	
6155	1314.6	
6156	1265.5	
6157	1169.8	
6158	1083.1	
6159	1005.1	
6160	934.69	
6161	870.93	
6162	813.21	
6163	776.12	
6164	726.31	
6165	682.57	
6166	642.55	
6167	606.05	
6168	572.71	
6169	542	
6170	513.89	
6171	487.85	
6172	464	
6173	442.01	
6174	421.55	
6175	402.6	
6176	385.1	
6177	368.73	
6178	353.54	
6179	339.35	
6180	326.13	
6181	313.73	
6182	302.05	
6183	291.24	
6184	280.94	
6185	271.33	
6186	262.26	
6187	253.72	
6188	245.74	
6189	238.19	
6190	230.89	
6191	224.04	
6192	217.49	
6193	211.3	
6194	205.49	
6195	199.82	
6196	194.48	
6197	189.4	
6198	184.52	
6199	179.86	
6200	175.47	
6201	171.17	
6202	167.18	
6203	163.27	
6204	159.52	
6205	155.9	
6206	152.43	
6207	149.03	
6208	145.9	
6209	142.78	
6210	139.86	
6211	136.98	
6212	134.22	
6213	131.57	
6214	125.59	
6215	107.52	
6216	85.679	
6217	69.353	
6218	57.113	
6219	47.778	
6220	40.501	
6221	34.838	
6222	30.178	
6223	26.376	
6224	23.206	
6225	20.489	
6226	18.221	
6227	16.201	
6228	14.547	
6229	13.113	
6230	11.822	
6231	10.634	
6232	9.6211	
6233	8.682	
6234	7.827	
6235	7.132	
6236	6.4346	
6237	5.8112	
6238	5.1656	
6239	4.6554	
6240	4.1798	
