1.000E-03 8.155E+01 
1.500E-03 9.147E+01 
2.000E-03 9.943E+01 
2.500E-03 1.064E+02 
3.000E-03 1.126E+02 
4.000E-03 1.240E+02 
5.000E-03 1.343E+02 
6.000E-03 1.439E+02 
7.000E-03 1.531E+02 
8.000E-03 1.618E+02 
9.000E-03 1.702E+02 
1.000E-02 1.784E+02 
1.250E-02 1.977E+02 
1.500E-02 2.160E+02 
1.750E-02 2.334E+02 
2.000E-02 2.501E+02 
2.250E-02 2.661E+02 
2.500E-02 2.816E+02 
2.750E-02 2.966E+02 
3.000E-02 3.111E+02 
3.500E-02 3.391E+02 
4.000E-02 3.658E+02 
4.500E-02 3.913E+02 
5.000E-02 4.159E+02 
5.500E-02 4.395E+02 
6.000E-02 4.624E+02 
6.500E-02 4.846E+02 
7.000E-02 5.061E+02 
7.500E-02 5.270E+02 
8.000E-02 5.473E+02 
8.500E-02 5.671E+02 
9.000E-02 5.864E+02 
9.500E-02 6.053E+02 
1.000E-01 6.236E+02 
1.250E-01 7.096E+02 
1.500E-01 7.869E+02 
1.750E-01 8.566E+02 
2.000E-01 9.197E+02 
2.250E-01 9.767E+02 
2.500E-01 1.028E+03 
2.750E-01 1.074E+03 
3.000E-01 1.115E+03 
3.500E-01 1.184E+03 
4.000E-01 1.237E+03 
4.500E-01 1.275E+03 
5.000E-01 1.301E+03 
5.500E-01 1.316E+03 
6.000E-01 1.323E+03 
6.500E-01 1.323E+03 
7.000E-01 1.317E+03 
7.500E-01 1.307E+03 
8.000E-01 1.293E+03 
8.500E-01 1.277E+03 
9.000E-01 1.260E+03 
9.500E-01 1.242E+03 
1.000E+00 1.223E+03 
1.250E+00 1.131E+03 
1.500E+00 1.048E+03 
1.750E+00 9.749E+02 
2.000E+00 9.120E+02 
2.250E+00 8.575E+02 
2.500E+00 8.097E+02 
2.750E+00 7.677E+02 
3.000E+00 7.304E+02 
3.500E+00 6.666E+02 
4.000E+00 6.137E+02 
4.500E+00 5.701E+02 
5.000E+00 5.331E+02 
5.500E+00 5.013E+02 
6.000E+00 4.737E+02 
6.500E+00 4.494E+02 
7.000E+00 4.276E+02 
7.500E+00 4.085E+02 
8.000E+00 3.913E+02 
8.500E+00 3.756E+02 
9.000E+00 3.614E+02 
9.500E+00 3.483E+02 
1.000E+01 3.362E+02 
1.250E+01 2.878E+02 
1.500E+01 2.527E+02 
1.750E+01 2.261E+02 
2.000E+01 2.051E+02 
2.500E+01 1.739E+02 
2.750E+01 1.619E+02 
3.000E+01 1.517E+02 
3.500E+01 1.350E+02 
4.000E+01 1.219E+02 
4.500E+01 1.114E+02 
5.000E+01 1.028E+02 
5.500E+01 9.547E+01 
6.000E+01 8.926E+01 
6.500E+01 8.389E+01 
7.000E+01 7.919E+01 
7.500E+01 7.505E+01 
8.000E+01 7.137E+01 
8.500E+01 6.807E+01 
9.000E+01 6.510E+01 
9.500E+01 6.241E+01 
1.000E+02 5.996E+01 
1.250E+02 5.036E+01 
1.500E+02 4.369E+01 
1.750E+02 3.875E+01 
2.000E+02 3.495E+01 
2.250E+02 3.192E+01 
2.500E+02 2.946E+01 
2.750E+02 2.740E+01 
3.000E+02 2.566E+01 
3.500E+02 2.288E+01 
4.000E+02 2.075E+01 
4.500E+02 1.906E+01 
5.000E+02 1.769E+01 
5.500E+02 1.656E+01 
6.000E+02 1.560E+01 
6.500E+02 1.479E+01 
7.000E+02 1.408E+01 
7.500E+02 1.347E+01 
8.000E+02 1.293E+01 
8.500E+02 1.245E+01 
9.000E+02 1.202E+01 
9.500E+02 1.164E+01 
1.000E+03 1.129E+01 