1.000000000000000021e-03
6.000000000000000125e-03
1.099999999999999936e-02
1.600000000000000033e-02
2.100000000000000130e-02
2.600000000000000228e-02
3.099999999999999978e-02
3.600000000000000422e-02
4.100000000000000172e-02
4.599999999999999922e-02
5.100000000000000366e-02
5.600000000000000117e-02
6.099999999999999867e-02
6.600000000000000311e-02
7.100000000000000755e-02
7.599999999999999811e-02
8.100000000000000255e-02
8.600000000000000699e-02
9.099999999999999756e-02
9.600000000000000200e-02
1.010000000000000064e-01
1.059999999999999970e-01
1.110000000000000014e-01
1.160000000000000059e-01
1.209999999999999964e-01
1.260000000000000009e-01
1.310000000000000053e-01
1.360000000000000098e-01
1.410000000000000142e-01
1.459999999999999909e-01
1.509999999999999953e-01
1.559999999999999998e-01
1.610000000000000042e-01
1.660000000000000087e-01
1.710000000000000131e-01
1.760000000000000175e-01
1.809999999999999942e-01
1.859999999999999987e-01
1.910000000000000031e-01
1.960000000000000075e-01
2.010000000000000120e-01
2.060000000000000164e-01
2.109999999999999931e-01
2.159999999999999976e-01
2.210000000000000020e-01
2.260000000000000064e-01
2.310000000000000109e-01
2.360000000000000153e-01
2.409999999999999920e-01
2.459999999999999964e-01
2.510000000000000009e-01
2.560000000000000053e-01
2.610000000000000098e-01
2.660000000000000142e-01
2.710000000000000187e-01
2.760000000000000231e-01
2.810000000000000275e-01
2.860000000000000320e-01
2.909999999999999809e-01
2.959999999999999853e-01
3.009999999999999898e-01
3.059999999999999942e-01
3.109999999999999987e-01
3.160000000000000031e-01
3.210000000000000075e-01
3.260000000000000120e-01
3.310000000000000164e-01
3.360000000000000209e-01
3.410000000000000253e-01
3.460000000000000298e-01
3.510000000000000342e-01
3.559999999999999831e-01
3.609999999999999876e-01
3.659999999999999920e-01
3.709999999999999964e-01
3.760000000000000009e-01
3.810000000000000053e-01
3.860000000000000098e-01
3.910000000000000142e-01
3.960000000000000187e-01
4.010000000000000231e-01
4.060000000000000275e-01
4.110000000000000320e-01
4.160000000000000364e-01
4.209999999999999853e-01
4.259999999999999898e-01
4.309999999999999942e-01
4.359999999999999987e-01
4.410000000000000031e-01
4.460000000000000075e-01
4.510000000000000120e-01
4.560000000000000164e-01
4.610000000000000209e-01
4.660000000000000253e-01
4.710000000000000298e-01
4.760000000000000342e-01
4.809999999999999831e-01
4.859999999999999876e-01
4.909999999999999920e-01
4.959999999999999964e-01
5.010000000000000009e-01
5.060000000000000053e-01
5.110000000000000098e-01
5.160000000000000142e-01
5.210000000000000187e-01
5.260000000000000231e-01
5.310000000000000275e-01
5.360000000000000320e-01
5.410000000000000364e-01
5.460000000000000409e-01
5.510000000000000453e-01
5.560000000000000497e-01
5.610000000000000542e-01
5.660000000000000586e-01
5.710000000000000631e-01
5.760000000000000675e-01
5.809999999999999609e-01
5.859999999999999654e-01
5.909999999999999698e-01
5.959999999999999742e-01
6.009999999999999787e-01
6.059999999999999831e-01
6.109999999999999876e-01
6.159999999999999920e-01
6.209999999999999964e-01
6.260000000000000009e-01
6.310000000000000053e-01
6.360000000000000098e-01
6.410000000000000142e-01
6.460000000000000187e-01
6.510000000000000231e-01
6.560000000000000275e-01
6.610000000000000320e-01
6.660000000000000364e-01
6.710000000000000409e-01
6.760000000000000453e-01
6.810000000000000497e-01
6.860000000000000542e-01
6.910000000000000586e-01
6.960000000000000631e-01
7.010000000000000675e-01
7.059999999999999609e-01
7.109999999999999654e-01
7.159999999999999698e-01
7.209999999999999742e-01
7.259999999999999787e-01
7.309999999999999831e-01
7.359999999999999876e-01
7.409999999999999920e-01
7.459999999999999964e-01
7.510000000000000009e-01
7.560000000000000053e-01
7.610000000000000098e-01
7.660000000000000142e-01
7.710000000000000187e-01
7.760000000000000231e-01
7.810000000000000275e-01
7.860000000000000320e-01
7.910000000000000364e-01
7.960000000000000409e-01
8.010000000000000453e-01
8.060000000000000497e-01
8.110000000000000542e-01
8.160000000000000586e-01
8.210000000000000631e-01
8.260000000000000675e-01
8.310000000000000719e-01
8.359999999999999654e-01
8.409999999999999698e-01
8.459999999999999742e-01
8.509999999999999787e-01
8.559999999999999831e-01
8.609999999999999876e-01
8.659999999999999920e-01
8.709999999999999964e-01
8.760000000000000009e-01
8.810000000000000053e-01
8.860000000000000098e-01
8.910000000000000142e-01
8.960000000000000187e-01
9.010000000000000231e-01
9.060000000000000275e-01
9.110000000000000320e-01
9.160000000000000364e-01
9.210000000000000409e-01
9.260000000000000453e-01
9.310000000000000497e-01
9.360000000000000542e-01
9.410000000000000586e-01
9.460000000000000631e-01
9.510000000000000675e-01
9.560000000000000719e-01
9.609999999999999654e-01
9.659999999999999698e-01
9.709999999999999742e-01
9.759999999999999787e-01
9.809999999999999831e-01
9.859999999999999876e-01
9.909999999999999920e-01
9.959999999999999964e-01
