1.000E-03 1.213E+02 
1.500E-03 1.342E+02 
2.000E-03 1.447E+02 
2.500E-03 1.539E+02 
3.000E-03 1.624E+02 
4.000E-03 1.782E+02 
5.000E-03 1.927E+02 
6.000E-03 2.066E+02 
7.000E-03 2.198E+02 
8.000E-03 2.326E+02 
9.000E-03 2.450E+02 
1.000E-02 2.570E+02 
1.250E-02 2.860E+02 
1.500E-02 3.135E+02 
1.750E-02 3.397E+02 
2.000E-02 3.650E+02 
2.250E-02 3.893E+02 
2.500E-02 4.129E+02 
2.750E-02 4.357E+02 
3.000E-02 4.579E+02 
3.500E-02 5.004E+02 
4.000E-02 5.408E+02 
4.500E-02 5.793E+02 
5.000E-02 6.162E+02 
5.500E-02 6.514E+02 
6.000E-02 6.852E+02 
6.500E-02 7.176E+02 
7.000E-02 7.486E+02 
7.500E-02 7.785E+02 
8.000E-02 8.071E+02 
8.500E-02 8.346E+02 
9.000E-02 8.610E+02 
9.500E-02 8.864E+02 
1.000E-01 9.107E+02 
1.250E-01 1.018E+03 
1.500E-01 1.105E+03 
1.750E-01 1.175E+03 
2.000E-01 1.232E+03 
2.250E-01 1.277E+03 
2.500E-01 1.312E+03 
2.750E-01 1.341E+03 
3.000E-01 1.364E+03 
3.500E-01 1.395E+03 
4.000E-01 1.412E+03 
4.500E-01 1.420E+03 
5.000E-01 1.420E+03 
5.500E-01 1.416E+03 
6.000E-01 1.408E+03 
6.500E-01 1.398E+03 
7.000E-01 1.386E+03 
7.500E-01 1.372E+03 
8.000E-01 1.358E+03 
8.500E-01 1.343E+03 
9.000E-01 1.328E+03 
9.500E-01 1.312E+03 
1.000E+00 1.296E+03 
1.250E+00 1.219E+03 
1.500E+00 1.148E+03 
1.750E+00 1.082E+03 
2.000E+00 1.024E+03 
2.250E+00 9.715E+02 
2.500E+00 9.248E+02 
2.750E+00 8.822E+02 
3.000E+00 8.432E+02 
3.500E+00 7.738E+02 
4.000E+00 7.137E+02 
4.500E+00 6.618E+02 
5.000E+00 6.179E+02 
5.500E+00 5.802E+02 
6.000E+00 5.474E+02 
6.500E+00 5.186E+02 
7.000E+00 4.931E+02 
7.500E+00 4.703E+02 
8.000E+00 4.498E+02 
8.500E+00 4.312E+02 
9.000E+00 4.143E+02 
9.500E+00 3.989E+02 
1.000E+01 3.847E+02 
1.250E+01 3.280E+02 
1.500E+01 2.874E+02 
1.750E+01 2.567E+02 
2.000E+01 2.326E+02 
2.500E+01 1.969E+02 
2.750E+01 1.833E+02 
3.000E+01 1.716E+02 
3.500E+01 1.526E+02 
4.000E+01 1.378E+02 
4.500E+01 1.259E+02 
5.000E+01 1.160E+02 
5.500E+01 1.077E+02 
6.000E+01 1.007E+02 
6.500E+01 9.458E+01 
7.000E+01 8.926E+01 
7.500E+01 8.457E+01 
8.000E+01 8.040E+01 
8.500E+01 7.666E+01 
9.000E+01 7.330E+01 
9.500E+01 7.025E+01 
1.000E+02 6.747E+01 
1.250E+02 5.662E+01 
1.500E+02 4.908E+01 
1.750E+02 4.351E+01 
2.000E+02 3.922E+01 
2.250E+02 3.581E+01 
2.500E+02 3.303E+01 
2.750E+02 3.072E+01 
3.000E+02 2.876E+01 
3.500E+02 2.563E+01 
4.000E+02 2.324E+01 
4.500E+02 2.134E+01 
5.000E+02 1.980E+01 
5.500E+02 1.853E+01 
6.000E+02 1.745E+01 
6.500E+02 1.654E+01 
7.000E+02 1.575E+01 
7.500E+02 1.506E+01 
8.000E+02 1.445E+01 
8.500E+02 1.391E+01 
9.000E+02 1.343E+01 
9.500E+02 1.300E+01 
1.000E+03 1.261E+01 