Time (x5 s) - Plot 0	P (mbar) - Plot 0	
0	1212.8	
1	1212.8	
2	1212.8	
3	1212.7	
4	1212.7	
5	1212.7	
6	1212.7	
7	1212.7	
8	1212.7	
9	1212.7	
10	1212.6	
11	1212.7	
12	1212.7	
13	1212.5	
14	1212.5	
15	1212.6	
16	1212.6	
17	1212.5	
18	1212.5	
19	1212.4	
20	1212.5	
21	1212.5	
22	1212.5	
23	1212.5	
24	1212.4	
25	1212.5	
26	1212.4	
27	1212.4	
28	1212.4	
29	1212.5	
30	1212.4	
31	1212.4	
32	1212.4	
33	1212.3	
34	1212.4	
35	1212.5	
36	1212.4	
37	1212.4	
38	1212.4	
39	1212.3	
40	1212.3	
41	1212.3	
42	1212.3	
43	1212.3	
44	1212.3	
45	1212.3	
46	1212.4	
47	1212.3	
48	1212.3	
49	1212.4	
50	1212.2	
51	1212.3	
52	1212.3	
53	1212.3	
54	1212.2	
55	1212.3	
56	1212.2	
57	1212.3	
58	1212.3	
59	1212.3	
60	1212.1	
61	1212.3	
62	1212.2	
63	1212.2	
64	1212.3	
65	1212.2	
66	1212.2	
67	1212.2	
68	1212.3	
69	1212.3	
70	1212.2	
71	1212.2	
72	1212.2	
73	1212.2	
74	1212.2	
75	1212.2	
76	1212.2	
77	1212.2	
78	1212.1	
79	1212.2	
80	1212.2	
81	1212.2	
82	1212.1	
83	1212.1	
84	1212.1	
85	1212.1	
86	1212.2	
87	1212.1	
88	1212.1	
89	1212.1	
90	1212.2	
91	1212.1	
92	1212.1	
93	1212.1	
94	1212.1	
95	1212.1	
96	1212.1	
97	1212.1	
98	1212.1	
99	1212.1	
100	1212.1	
101	1212.1	
102	1212.1	
103	1212.1	
104	1212.2	
105	1212.1	
106	1212.1	
107	1212	
108	1212.1	
109	1212	
110	1212	
111	1212	
112	1212.1	
113	1212	
114	1212	
115	1212	
116	1212	
117	1212	
118	1212	
119	1211.9	
120	1212	
121	1212	
122	1212	
123	1212	
124	1212	
125	1212	
126	1212	
127	1211.9	
128	1211.9	
129	1211.9	
130	1211.9	
131	1211.9	
132	1212	
133	1211.9	
134	1211.9	
135	1211.9	
136	1211.9	
137	1211.9	
138	1211.9	
139	1211.9	
140	1211.9	
141	1211.9	
142	1211.9	
143	1211.8	
144	1211.9	
145	1211.8	
146	1211.8	
147	1211.8	
148	1211.9	
149	1211.8	
150	1211.9	
151	1211.8	
152	1211.8	
153	1211.8	
154	1211.8	
155	1211.9	
156	1211.8	
157	1211.8	
158	1211.8	
159	1211.8	
160	1211.8	
161	1211.8	
162	1211.8	
163	1211.8	
164	1211.8	
165	1211.8	
166	1211.8	
167	1211.8	
168	1211.8	
169	1211.7	
170	1211.8	
171	1211.8	
172	1211.8	
173	1211.8	
174	1211.9	
175	1211.8	
176	1211.8	
177	1211.8	
178	1211.8	
179	1211.7	
180	1211.8	
181	1211.8	
182	1211.8	
183	1211.8	
184	1211.8	
185	1211.8	
186	1211.8	
187	1211.8	
188	1211.8	
189	1211.8	
190	1211.8	
191	1211.8	
192	1211.7	
193	1211.8	
194	1211.8	
195	1211.8	
196	1211.8	
197	1211.9	
198	1211.8	
199	1211.8	
200	1211.8	
201	1211.8	
202	1211.8	
203	1211.8	
204	1211.8	
205	1211.8	
206	1211.8	
207	1211.8	
208	1211.8	
209	1211.8	
210	1211.7	
211	1211.8	
212	1211.8	
213	1211.8	
214	1211.8	
215	1211.8	
216	1211.8	
217	1211.8	
218	1211.8	
219	1211.7	
220	1211.7	
221	1211.8	
222	1211.8	
223	1211.8	
224	1211.7	
225	1211.7	
226	1211.8	
227	1211.8	
228	1211.7	
229	1211.7	
230	1211.8	
231	1211.7	
232	1211.7	
233	1211.8	
234	1211.7	
235	1211.7	
236	1211.7	
237	1211.8	
238	1211.7	
239	1211.7	
240	1211.8	
241	1211.7	
242	1211.7	
243	1211.7	
244	1211.7	
245	1211.7	
246	1211.7	
247	1211.7	
248	1211.7	
249	1211.8	
250	1211.7	
251	1211.7	
252	1211.7	
253	1211.7	
254	1211.7	
255	1211.6	
256	1211.6	
257	1211.7	
258	1211.7	
259	1211.7	
260	1211.6	
261	1211.7	
262	1211.7	
263	1211.7	
264	1211.7	
265	1211.7	
266	1211.7	
267	1211.7	
268	1211.6	
269	1211.6	
270	1211.7	
271	1211.7	
272	1211.7	
273	1211.6	
274	1211.6	
275	1211.6	
276	1211.5	
277	1211.6	
278	1211.6	
279	1211.6	
280	1211.6	
281	1211.6	
282	1211.6	
283	1211.6	
284	1211.6	
285	1211.6	
286	1211.5	
287	1211.7	
288	1211.6	
289	1211.6	
290	1211.6	
291	1211.6	
292	1211.6	
293	1211.6	
294	1211.6	
295	1211.6	
296	1211.6	
297	1211.6	
298	1211.6	
299	1211.6	
300	1211.6	
301	1211.6	
302	1211.6	
303	1211.6	
304	1211.6	
305	1211.6	
306	1211.6	
307	1211.6	
308	1211.6	
309	1211.5	
310	1211.5	
311	1211.6	
312	1211.6	
313	1211.6	
314	1211.6	
315	1211.6	
316	1211.6	
317	1211.6	
318	1211.6	
319	1211.6	
320	1211.6	
321	1211.7	
322	1211.6	
323	1211.6	
324	1211.6	
325	1211.6	
326	1211.6	
327	1211.6	
328	1211.6	
329	1211.6	
330	1211.6	
331	1211.6	
332	1211.7	
333	1211.6	
334	1211.6	
335	1211.5	
336	1211.6	
337	1211.6	
338	1211.6	
339	1211.6	
340	1211.6	
341	1211.6	
342	1211.6	
343	1211.6	
344	1211.6	
345	1211.6	
346	1211.5	
347	1211.6	
348	1211.6	
349	1211.6	
350	1211.7	
351	1211.6	
352	1211.6	
353	1211.6	
354	1211.6	
355	1211.5	
356	1211.6	
357	1211.6	
358	1211.5	
359	1211.6	
360	1211.6	
361	1211.6	
362	1211.6	
363	1211.6	
364	1211.6	
365	1211.6	
366	1211.6	
367	1211.6	
368	1211.6	
369	1211.6	
370	1211.5	
371	1211.6	
372	1211.5	
373	1211.6	
374	1211.6	
375	1211.5	
376	1211.6	
377	1211.6	
378	1211.5	
379	1211.5	
380	1211.6	
381	1211.5	
382	1211.6	
383	1211.5	
384	1211.6	
385	1211.5	
386	1211.5	
387	1211.5	
388	1211.5	
389	1211.5	
390	1211.5	
391	1211.5	
392	1211.5	
393	1211.5	
394	1211.5	
395	1211.5	
396	1211.5	
397	1211.6	
398	1211.5	
399	1211.6	
400	1211.5	
401	1211.5	
402	1211.5	
403	1211.6	
404	1211.5	
405	1211.5	
406	1211.6	
407	1211.5	
408	1211.5	
409	1211.5	
410	1211.5	
411	1211.5	
412	1211.5	
413	1211.5	
414	1211.5	
415	1211.5	
416	1211.4	
417	1211.5	
418	1211.5	
419	1211.5	
420	1211.4	
421	1211.5	
422	1211.5	
423	1211.5	
424	1211.5	
425	1211.5	
426	1211.5	
427	1211.5	
428	1211.5	
429	1211.4	
430	1211.5	
431	1211.5	
432	1211.4	
433	1211.5	
434	1211.5	
435	1211.4	
436	1211.4	
437	1211.5	
438	1211.4	
439	1211.4	
440	1211.4	
441	1211.4	
442	1211.5	
443	1211.4	
444	1211.5	
445	1211.4	
446	1211.5	
447	1211.5	
448	1211.5	
449	1211.5	
450	1211.5	
451	1211.4	
452	1211.4	
453	1211.5	
454	1211.5	
455	1211.5	
456	1211.4	
457	1211.5	
458	1211.4	
459	1211.5	
460	1211.4	
461	1211.5	
462	1211.4	
463	1211.4	
464	1211.4	
465	1211.5	
466	1211.5	
467	1211.5	
468	1211.4	
469	1211.4	
470	1211.4	
471	1211.4	
472	1211.4	
473	1211.5	
474	1211.5	
475	1211.5	
476	1211.4	
477	1211.4	
478	1211.5	
479	1211.5	
480	1211.4	
481	1211.5	
482	1211.5	
483	1211.4	
484	1211.4	
485	1211.5	
486	1211.5	
487	1211.5	
488	1211.5	
489	1211.4	
490	1211.4	
491	1211.4	
492	1211.5	
493	1211.6	
494	1211.5	
495	1211.5	
496	1211.5	
497	1211.5	
498	1211.5	
499	1211.5	
500	1211.5	
501	1211.4	
502	1211.5	
503	1211.4	
504	1211.5	
505	1211.5	
506	1211.5	
507	1211.5	
508	1211.4	
509	1211.5	
510	1211.5	
511	1211.4	
512	1211.4	
513	1211.5	
514	1211.5	
515	1211.4	
516	1211.5	
517	1211.4	
518	1211.5	
519	1211.4	
520	1211.4	
521	1211.5	
522	1211.4	
523	1211.5	
524	1211.4	
525	1211.5	
526	1211.5	
527	1211.4	
528	1211.5	
529	1211.5	
530	1211.4	
531	1211.4	
532	1211.4	
533	1211.4	
534	1211.4	
535	1211.4	
536	1211.4	
537	1211.4	
538	1211.5	
539	1211.5	
540	1211.4	
541	1211.4	
542	1211.5	
543	1211.4	
544	1211.4	
545	1211.4	
546	1211.4	
547	1211.4	
548	1211.4	
549	1211.4	
550	1211.4	
551	1211.4	
552	1211.4	
553	1211.4	
554	1211.4	
555	1211.4	
556	1211.4	
557	1211.3	
558	1211.4	
559	1211.3	
560	1211.3	
561	1211.4	
562	1211.4	
563	1211.4	
564	1211.4	
565	1211.3	
566	1211.3	
567	1211.4	
568	1211.4	
569	1211.4	
570	1211.4	
571	1211.4	
572	1211.4	
573	1211.4	
574	1211.3	
575	1211.3	
576	1211.4	
577	1211.4	
578	1211.3	
579	1211.3	
580	1211.3	
581	1211.3	
582	1211.4	
583	1211.3	
584	1211.4	
585	1211.3	
586	1211.4	
587	1211.3	
588	1211.3	
589	1211.4	
590	1211.4	
591	1211.4	
592	1211.3	
593	1211.4	
594	1211.4	
595	1211.4	
596	1211.4	
597	1211.4	
598	1211.4	
599	1211.4	
600	1211.4	
601	1211.3	
602	1211.3	
603	1211.3	
604	1211.3	
605	1211.4	
606	1211.4	
607	1211.4	
608	1211.3	
609	1211.4	
610	1211.4	
611	1211.4	
612	1211.4	
613	1211.4	
614	1211.4	
615	1211.4	
616	1211.4	
617	1211.4	
618	1211.4	
619	1211.4	
620	1211.4	
621	1211.4	
622	1211.4	
623	1211.4	
624	1211.4	
625	1211.3	
626	1211.4	
627	1211.4	
628	1211.4	
629	1211.4	
630	1211.4	
631	1211.4	
632	1211.3	
633	1211.3	
634	1211.4	
635	1211.4	
636	1211.4	
637	1211.4	
638	1211.5	
639	1211.4	
640	1211.4	
641	1211.4	
642	1211.4	
643	1211.4	
644	1211.4	
645	1211.4	
646	1211.4	
647	1211.4	
648	1211.4	
649	1211.4	
650	1211.4	
651	1211.4	
652	1211.4	
653	1211.4	
654	1211.3	
655	1211.4	
656	1211.4	
657	1211.4	
658	1211.4	
659	1211.4	
660	1211.4	
661	1211.4	
662	1211.5	
663	1211.4	
664	1211.5	
665	1211.4	
666	1211.4	
667	1211.4	
668	1211.4	
669	1211.4	
670	1211.4	
671	1211.3	
672	1211.3	
673	1211.4	
674	1211.4	
675	1211.4	
676	1211.4	
677	1211.4	
678	1211.4	
679	1211.4	
680	1211.3	
681	1211.4	
682	1211.4	
683	1211.4	
684	1211.3	
685	1211.4	
686	1211.4	
687	1211.4	
688	1211.4	
689	1211.4	
690	1211.3	
691	1211.3	
692	1211.4	
693	1211.4	
694	1211.3	
695	1211.3	
696	1211.4	
697	1211.4	
698	1211.3	
699	1211.3	
700	1211.3	
701	1211.3	
702	1211.3	
703	1211.3	
704	1211.3	
705	1211.3	
706	1211.3	
707	1211.3	
708	1211.3	
709	1211.4	
710	1211.3	
711	1211.3	
712	1211.3	
713	1211.3	
714	1211.3	
715	1211.3	
716	1211.3	
717	1211.3	
718	1211.3	
719	1211.3	
720	1211.3	
721	1211.3	
722	1211.3	
723	1211.2	
724	1211.3	
725	1211.3	
726	1211.3	
727	1211.3	
728	1211.3	
729	1211.3	
730	1211.3	
731	1211.3	
732	1211.2	
733	1211.3	
734	1211.3	
735	1211.3	
736	1211.3	
737	1211.2	
738	1211.3	
739	1211.2	
740	1211.2	
741	1211.3	
742	1211.2	
743	1211.2	
744	1211.3	
745	1211.3	
746	1211.2	
747	1211.3	
748	1211.3	
749	1211.3	
750	1211.3	
751	1211.2	
752	1211.2	
753	1211.3	
754	1211.3	
755	1211.2	
756	1211.3	
757	1211.3	
758	1211.3	
759	1211.3	
760	1211.3	
761	1211.3	
762	1211.3	
763	1211.3	
764	1211.3	
765	1211.4	
766	1211.3	
767	1211.3	
768	1211.3	
769	1211.3	
770	1211.4	
771	1211.3	
772	1211.3	
773	1211.3	
774	1211.3	
775	1211.3	
776	1211.3	
777	1211.3	
778	1211.3	
779	1211.3	
780	1211.3	
781	1211.3	
782	1211.3	
783	1211.4	
784	1211.3	
785	1211.4	
786	1211.3	
787	1211.3	
788	1211.3	
789	1211.3	
790	1211.3	
791	1211.3	
792	1211.3	
793	1211.4	
794	1211.4	
795	1211.3	
796	1211.3	
797	1211.3	
798	1211.3	
799	1211.3	
800	1211.3	
801	1211.4	
802	1211.3	
803	1211.3	
804	1211.3	
805	1211.4	
806	1211.4	
807	1211.3	
808	1211.3	
809	1211.3	
810	1211.4	
811	1211.4	
812	1211.3	
813	1211.3	
814	1211.3	
815	1211.3	
816	1211.3	
817	1211.4	
818	1211.3	
819	1211.3	
820	1211.4	
821	1211.3	
822	1211.3	
823	1211.3	
824	1211.2	
825	1211.3	
826	1211.3	
827	1211.3	
828	1211.4	
829	1211.3	
830	1211.3	
831	1211.3	
832	1211.3	
833	1211.3	
834	1211.3	
835	1211.3	
836	1211.3	
837	1211.3	
838	1211.3	
839	1211.3	
840	1211.3	
841	1211.3	
842	1211.3	
843	1211.3	
844	1211.3	
845	1211.4	
846	1211.2	
847	1211.3	
848	1211.3	
849	1211.3	
850	1211.2	
851	1211.3	
852	1211.3	
853	1211.3	
854	1211.3	
855	1211.3	
856	1211.3	
857	1211.3	
858	1211.3	
859	1211.3	
860	1211.3	
861	1211.3	
862	1211.3	
863	1211.3	
864	1211.3	
865	1211.3	
866	1211.3	
867	1211.3	
868	1211.3	
869	1211.3	
870	1211.3	
871	1211.3	
872	1211.2	
873	1211.3	
874	1211.2	
875	1211.2	
876	1211.3	
877	1211.3	
878	1211.3	
879	1211.3	
880	1211.2	
881	1211.3	
882	1211.2	
883	1211.2	
884	1211.3	
885	1211.3	
886	1211.3	
887	1211.2	
888	1211.4	
889	1211.2	
890	1211.3	
891	1211.3	
892	1211.3	
893	1211.2	
894	1211.3	
895	1211.3	
896	1211.2	
897	1211.3	
898	1211.3	
899	1211.3	
900	1211.3	
901	1211.3	
902	1211.3	
903	1211.3	
904	1211.3	
905	1211.3	
906	1211.3	
907	1211.3	
908	1211.3	
909	1211.3	
910	1211.3	
911	1211.3	
912	1211.3	
913	1211.3	
914	1211.3	
915	1211.3	
916	1211.3	
917	1211.3	
918	1211.3	
919	1211.3	
920	1211.3	
921	1211.3	
922	1211.3	
923	1211.2	
924	1211.4	
925	1211.3	
926	1211.4	
927	1211.3	
928	1211.3	
929	1211.3	
930	1211.4	
931	1211.3	
932	1211.3	
933	1211.4	
934	1211.3	
935	1211.3	
936	1211.4	
937	1211.3	
938	1211.4	
939	1211.3	
940	1211.4	
941	1211.4	
942	1211.3	
943	1211.4	
944	1211.3	
945	1211.3	
946	1211.4	
947	1211.4	
948	1211.4	
949	1211.3	
950	1211.4	
951	1211.4	
952	1211.4	
953	1211.4	
954	1211.3	
955	1211.4	
956	1211.4	
957	1211.3	
958	1211.3	
959	1211.3	
960	1211.3	
961	1211.3	
962	1211.4	
963	1211.4	
964	1211.4	
965	1211.3	
966	1211.4	
967	1211.4	
968	1211.3	
969	1211.3	
970	1211.4	
971	1211.3	
972	1211.3	
973	1211.3	
974	1211.3	
975	1211.4	
976	1211.4	
977	1211.3	
978	1211.3	
979	1211.3	
980	1211.3	
981	1211.4	
982	1211.3	
983	1211.4	
984	1211.3	
985	1211.3	
986	1211.3	
987	1211.4	
988	1211.3	
989	1211.4	
990	1211.4	
991	1211.3	
992	1211.3	
993	1211.3	
994	1211.4	
995	1211.3	
996	1211.2	
997	1211.3	
998	1211.3	
999	1211.3	
1000	1211.3	
1001	1211.3	
1002	1211.3	
1003	1211.3	
1004	1211.4	
1005	1211.3	
1006	1211.3	
1007	1211.3	
1008	1211.3	
1009	1211.3	
1010	1211.3	
1011	1211.3	
1012	1211.3	
1013	1211.3	
1014	1211.3	
1015	1211.3	
1016	1211.3	
1017	1211.3	
1018	1211.2	
1019	1211.3	
1020	1211.3	
1021	1211.3	
1022	1211.2	
1023	1211.3	
1024	1211.3	
1025	1211.3	
1026	1211.3	
1027	1211.4	
1028	1211.3	
1029	1211.3	
1030	1211.3	
1031	1211.3	
1032	1211.2	
1033	1211.3	
1034	1211.3	
1035	1211.2	
1036	1211.3	
1037	1211.3	
1038	1211.3	
1039	1211.2	
1040	1211.2	
1041	1211.2	
1042	1211.2	
1043	1211.2	
1044	1211.3	
1045	1211.3	
1046	1211.3	
1047	1211.3	
1048	1211.2	
1049	1211.3	
1050	1211.2	
1051	1211.3	
1052	1211.3	
1053	1211.3	
1054	1211.3	
1055	1211.2	
1056	1211.2	
1057	1211.3	
1058	1211.3	
1059	1211.3	
1060	1211.3	
1061	1211.3	
1062	1211.3	
1063	1211.3	
1064	1211.3	
1065	1211.3	
1066	1211.3	
1067	1211.2	
1068	1211.3	
1069	1211.3	
1070	1211.3	
1071	1211.3	
1072	1211.3	
1073	1211.3	
1074	1211.3	
1075	1211.3	
1076	1211.3	
1077	1211.3	
1078	1211.3	
1079	1211.3	
1080	1211.3	
1081	1211.3	
1082	1211.3	
1083	1211.4	
1084	1211.3	
1085	1211.3	
1086	1211.4	
1087	1211.3	
1088	1211.4	
1089	1211.3	
1090	1211.4	
1091	1211.4	
1092	1211.3	
1093	1211.4	
1094	1211.3	
1095	1211.3	
1096	1211.4	
1097	1211.4	
1098	1211.3	
1099	1211.4	
1100	1211.3	
1101	1211.4	
1102	1211.4	
1103	1211.4	
1104	1211.3	
1105	1211.4	
1106	1211.4	
1107	1211.5	
1108	1211.3	
1109	1211.3	
1110	1211.4	
1111	1211.3	
1112	1211.4	
1113	1211.3	
1114	1211.3	
1115	1211.3	
1116	1211.4	
1117	1211.4	
1118	1211.4	
1119	1211.3	
1120	1211.4	
1121	1211.4	
1122	1211.4	
1123	1211.4	
1124	1211.4	
1125	1211.4	
1126	1211.4	
1127	1211.4	
1128	1211.4	
1129	1211.4	
1130	1211.3	
1131	1211.4	
1132	1211.3	
1133	1211.4	
1134	1211.4	
1135	1211.3	
1136	1211.3	
1137	1211.3	
1138	1211.4	
1139	1211.3	
1140	1211.3	
1141	1211.3	
1142	1211.4	
1143	1211.3	
1144	1211.4	
1145	1211.4	
1146	1211.3	
1147	1211.3	
1148	1211.4	
1149	1211.3	
1150	1211.4	
1151	1211.4	
1152	1211.4	
1153	1211.3	
1154	1211.3	
1155	1211.4	
1156	1211.3	
1157	1211.3	
1158	1211.4	
1159	1211.4	
1160	1211.4	
1161	1211.4	
1162	1211.4	
1163	1211.4	
1164	1211.3	
1165	1211.4	
1166	1211.3	
1167	1211.3	
1168	1211.4	
1169	1211.3	
1170	1211.4	
1171	1211.3	
1172	1211.4	
1173	1211.4	
1174	1211.3	
1175	1211.3	
1176	1211.3	
1177	1211.3	
1178	1211.4	
1179	1211.3	
1180	1211.3	
1181	1211.3	
1182	1211.3	
1183	1211.3	
1184	1211.3	
1185	1211.3	
1186	1211.3	
1187	1211.3	
1188	1211.3	
1189	1211.3	
1190	1211.3	
1191	1211.3	
1192	1211.2	
1193	1211.3	
1194	1211.3	
1195	1211.3	
1196	1211.2	
1197	1211.3	
1198	1211.3	
1199	1211.3	
1200	1211.3	
1201	1211.3	
1202	1211.3	
1203	1211.3	
1204	1211.3	
1205	1211.3	
1206	1211.3	
1207	1211.3	
1208	1211.3	
1209	1211.3	
1210	1211.3	
1211	1211.3	
1212	1211.3	
1213	1211.3	
1214	1211.4	
1215	1211.3	
1216	1211.3	
1217	1211.3	
1218	1211.3	
1219	1211.3	
1220	1211.3	
1221	1211.3	
1222	1211.3	
1223	1211.3	
1224	1211.3	
1225	1211.3	
1226	1211.3	
1227	1211.3	
1228	1211.3	
1229	1211.3	
1230	1211.3	
1231	1211.3	
1232	1211.3	
1233	1211.3	
1234	1211.3	
1235	1211.4	
1236	1211.3	
1237	1211.3	
1238	1211.4	
1239	1211.3	
1240	1211.3	
1241	1211.4	
1242	1211.3	
1243	1211.4	
1244	1211.4	
1245	1211.3	
1246	1211.3	
1247	1211.4	
1248	1211.4	
1249	1211.3	
1250	1211.4	
1251	1211.4	
1252	1211.4	
1253	1211.4	
1254	1211.4	
1255	1211.4	
1256	1211.3	
1257	1211.4	
1258	1211.4	
1259	1211.4	
1260	1211.4	
1261	1211.4	
1262	1211.4	
1263	1211.3	
1264	1211.4	
1265	1211.4	
1266	1211.4	
1267	1211.4	
1268	1211.4	
1269	1211.3	
1270	1211.4	
1271	1211.4	
1272	1211.4	
1273	1211.4	
1274	1211.4	
1275	1211.4	
1276	1211.4	
1277	1211.4	
1278	1211.4	
1279	1211.4	
1280	1211.4	
1281	1211.4	
1282	1211.4	
1283	1211.4	
1284	1211.3	
1285	1211.4	
1286	1211.4	
1287	1211.5	
1288	1211.3	
1289	1211.4	
1290	1211.4	
1291	1211.4	
1292	1211.4	
1293	1211.4	
1294	1211.5	
1295	1211.4	
1296	1211.4	
1297	1211.4	
1298	1211.4	
1299	1211.4	
1300	1211.3	
1301	1211.4	
1302	1211.4	
1303	1211.4	
1304	1211.4	
1305	1211.4	
1306	1211.3	
1307	1211.4	
1308	1211.4	
1309	1211.4	
1310	1211.4	
1311	1211.3	
1312	1211.3	
1313	1211.4	
1314	1211.4	
1315	1211.3	
1316	1211.4	
1317	1211.3	
1318	1211.3	
1319	1211.4	
1320	1211.4	
1321	1211.4	
1322	1211.3	
1323	1211.3	
1324	1211.4	
1325	1211.4	
1326	1211.4	
1327	1211.4	
1328	1211.4	
1329	1211.3	
1330	1211.4	
1331	1211.4	
1332	1211.4	
1333	1211.3	
1334	1211.4	
1335	1211.4	
1336	1211.4	
1337	1211.3	
1338	1211.3	
1339	1211.4	
1340	1211.4	
1341	1211.3	
1342	1211.3	
1343	1211.3	
1344	1211.3	
1345	1211.3	
1346	1211.3	
1347	1211.4	
1348	1211.4	
1349	1211.4	
1350	1211.4	
1351	1211.3	
1352	1211.3	
1353	1211.4	
1354	1211.3	
1355	1211.3	
1356	1211.3	
1357	1211.3	
1358	1211.3	
1359	1211.3	
1360	1211.3	
1361	1211.3	
1362	1211.3	
1363	1211.3	
1364	1211.4	
1365	1211.3	
1366	1211.3	
1367	1211.3	
1368	1211.3	
1369	1211.3	
1370	1211.3	
1371	1211.3	
1372	1211.3	
1373	1211.3	
1374	1211.3	
1375	1211.3	
1376	1211.4	
1377	1211.3	
1378	1211.3	
1379	1211.3	
1380	1211.3	
1381	1211.3	
1382	1211.3	
1383	1211.3	
1384	1211.3	
1385	1211.3	
1386	1211.3	
1387	1211.3	
1388	1211.3	
1389	1211.3	
1390	1211.2	
1391	1211.3	
1392	1211.3	
1393	1211.3	
1394	1211.3	
1395	1211.4	
1396	1211.4	
1397	1211.4	
1398	1211.3	
1399	1211.4	
1400	1211.3	
1401	1211.3	
1402	1211.4	
1403	1211.3	
1404	1211.3	
1405	1211.4	
1406	1211.4	
1407	1211.3	
1408	1211.3	
1409	1211.4	
1410	1211.4	
1411	1211.4	
1412	1211.3	
1413	1211.3	
1414	1211.4	
1415	1211.3	
1416	1211.4	
1417	1211.3	
1418	1211.4	
1419	1211.4	
1420	1211.4	
1421	1211.4	
1422	1211.4	
1423	1211.4	
1424	1211.4	
1425	1211.4	
1426	1211.4	
1427	1211.4	
1428	1211.5	
1429	1211.4	
1430	1211.4	
1431	1211.4	
1432	1211.4	
1433	1211.4	
1434	1211.4	
1435	1211.5	
1436	1211.4	
1437	1211.4	
1438	1211.4	
1439	1211.4	
1440	1211.4	
1441	1211.4	
1442	1211.4	
1443	1211.4	
1444	1211.5	
1445	1211.4	
1446	1211.4	
1447	1211.4	
1448	1211.4	
1449	1211.4	
1450	1211.4	
1451	1211.4	
1452	1211.4	
1453	1211.5	
1454	1211.4	
1455	1211.5	
1456	1211.4	
1457	1211.4	
1458	1211.4	
1459	1211.4	
1460	1211.4	
1461	1211.4	
1462	1211.4	
1463	1211.4	
1464	1211.4	
1465	1211.4	
1466	1211.4	
1467	1211.4	
1468	1211.4	
1469	1211.4	
1470	1211.4	
1471	1211.4	
1472	1211.4	
1473	1211.4	
1474	1211.4	
1475	1211.4	
1476	1211.4	
1477	1211.4	
1478	1211.5	
1479	1211.4	
1480	1211.4	
1481	1211.4	
1482	1211.4	
1483	1211.4	
1484	1211.4	
1485	1211.4	
1486	1211.4	
1487	1211.4	
1488	1211.4	
1489	1211.4	
1490	1211.4	
1491	1211.4	
1492	1211.4	
1493	1211.4	
1494	1211.4	
1495	1211.4	
1496	1211.4	
1497	1211.4	
1498	1211.4	
1499	1211.4	
1500	1211.3	
1501	1211.4	
1502	1211.4	
1503	1211.4	
1504	1211.4	
1505	1211.4	
1506	1211.5	
1507	1211.3	
1508	1211.4	
1509	1211.3	
1510	1211.4	
1511	1211.4	
1512	1211.4	
1513	1211.4	
1514	1211.4	
1515	1211.4	
1516	1211.4	
1517	1211.4	
1518	1211.4	
1519	1211.3	
1520	1211.4	
1521	1211.4	
1522	1211.3	
1523	1211.4	
1524	1211.3	
1525	1211.4	
1526	1211.4	
1527	1211.3	
1528	1211.4	
1529	1211.4	
1530	1211.4	
1531	1211.3	
1532	1211.3	
1533	1211.4	
1534	1211.3	
1535	1211.3	
1536	1211.3	
1537	1211.3	
1538	1211.4	
1539	1211.4	
1540	1211.4	
1541	1211.4	
1542	1211.3	
1543	1211.3	
1544	1211.3	
1545	1211.3	
1546	1211.3	
1547	1211.4	
1548	1211.3	
1549	1211.3	
1550	1211.4	
1551	1211.3	
1552	1211.3	
1553	1211.4	
1554	1211.3	
1555	1211.4	
1556	1211.3	
1557	1211.4	
1558	1211.4	
1559	1211.3	
1560	1211.3	
1561	1211.3	
1562	1211.3	
1563	1211.2	
1564	1211.3	
1565	1211.3	
1566	1211.3	
1567	1211.4	
1568	1211.3	
1569	1211.4	
1570	1211.4	
1571	1211.3	
1572	1211.4	
1573	1211.3	
1574	1211.4	
1575	1211.4	
1576	1211.4	
1577	1211.3	
1578	1211.4	
1579	1211.4	
1580	1211.4	
1581	1211.4	
1582	1211.4	
1583	1211.4	
1584	1211.5	
1585	1211.4	
1586	1211.4	
1587	1211.4	
1588	1211.4	
1589	1211.5	
1590	1211.5	
1591	1211.4	
1592	1211.5	
1593	1211.4	
1594	1211.4	
1595	1211.4	
1596	1211.5	
1597	1211.5	
1598	1211.5	
1599	1211.5	
1600	1211.4	
1601	1211.4	
1602	1211.4	
1603	1211.4	
1604	1211.4	
1605	1211.4	
1606	1211.4	
1607	1211.5	
1608	1211.5	
1609	1211.5	
1610	1211.4	
1611	1211.4	
1612	1211.5	
1613	1211.5	
1614	1211.4	
1615	1211.5	
1616	1211.5	
1617	1211.5	
1618	1211.4	
1619	1211.5	
1620	1211.4	
1621	1211.4	
1622	1211.5	
1623	1211.5	
1624	1211.4	
1625	1211.4	
1626	1211.5	
1627	1211.5	
1628	1211.4	
1629	1211.4	
1630	1211.5	
1631	1211.5	
1632	1211.5	
1633	1211.4	
1634	1211.5	
1635	1211.5	
1636	1211.4	
1637	1211.4	
1638	1211.5	
1639	1211.4	
1640	1211.4	
1641	1211.4	
1642	1211.4	
1643	1211.5	
1644	1211.4	
1645	1211.4	
1646	1211.4	
1647	1211.4	
1648	1211.4	
1649	1211.5	
1650	1211.5	
1651	1211.5	
1652	1211.4	
1653	1211.4	
1654	1211.5	
1655	1211.4	
1656	1211.4	
1657	1211.5	
1658	1211.4	
1659	1211.5	
1660	1211.4	
1661	1211.4	
1662	1211.5	
1663	1211.5	
1664	1211.5	
1665	1211.4	
1666	1211.5	
1667	1211.4	
1668	1211.4	
1669	1211.4	
1670	1211.4	
1671	1211.4	
1672	1211.4	
1673	1211.4	
1674	1211.4	
1675	1211.4	
1676	1211.4	
1677	1211.4	
1678	1211.4	
1679	1211.4	
1680	1211.4	
1681	1211.4	
1682	1211.4	
1683	1211.4	
1684	1211.5	
1685	1211.4	
1686	1211.4	
1687	1211.5	
1688	1211.4	
1689	1211.4	
1690	1211.4	
1691	1211.3	
1692	1211.4	
1693	1211.4	
1694	1211.4	
1695	1211.4	
1696	1211.4	
1697	1211.3	
1698	1211.4	
1699	1211.4	
1700	1211.4	
1701	1211.3	
1702	1211.5	
1703	1211.4	
1704	1211.3	
1705	1211.4	
1706	1211.4	
1707	1211.3	
1708	1211.4	
1709	1211.4	
1710	1211.4	
1711	1211.3	
1712	1211.5	
1713	1211.4	
1714	1211.4	
1715	1211.4	
1716	1211.4	
1717	1211.4	
1718	1211.4	
1719	1211.4	
1720	1211.4	
1721	1211.4	
1722	1211.4	
1723	1211.3	
1724	1211.3	
1725	1211.4	
1726	1211.4	
1727	1211.4	
1728	1211.4	
1729	1211.4	
1730	1211.4	
1731	1211.4	
1732	1211.3	
1733	1211.4	
1734	1211.4	
1735	1211.4	
1736	1211.4	
1737	1211.4	
1738	1211.4	
1739	1211.4	
1740	1211.5	
1741	1211.4	
1742	1211.4	
1743	1211.4	
1744	1211.4	
1745	1211.4	
1746	1211.4	
1747	1211.4	
1748	1211.4	
1749	1211.4	
1750	1211.4	
1751	1211.5	
1752	1211.3	
1753	1211.4	
1754	1211.4	
1755	1211.4	
1756	1211.4	
1757	1211.4	
1758	1211.4	
1759	1211.4	
1760	1211.5	
1761	1211.4	
1762	1211.4	
1763	1211.5	
1764	1211.4	
1765	1211.4	
1766	1211.4	
1767	1211.4	
1768	1211.5	
1769	1211.4	
1770	1211.5	
1771	1211.4	
1772	1211.5	
1773	1211.4	
1774	1211.4	
1775	1211.5	
1776	1211.5	
1777	1211.5	
1778	1211.4	
1779	1211.5	
1780	1211.4	
1781	1211.5	
1782	1211.4	
1783	1211.4	
1784	1211.5	
1785	1211.5	
1786	1211.5	
1787	1211.5	
1788	1211.5	
1789	1211.5	
1790	1211.5	
1791	1211.5	
1792	1211.5	
1793	1211.5	
1794	1211.4	
1795	1211.5	
1796	1211.5	
1797	1211.5	
1798	1211.5	
1799	1211.5	
1800	1211.5	
1801	1211.4	
1802	1211.5	
1803	1211.5	
1804	1211.5	
1805	1211.5	
1806	1211.5	
1807	1211.4	
1808	1211.5	
1809	1211.5	
1810	1211.5	
1811	1211.5	
1812	1211.5	
1813	1211.4	
1814	1211.5	
1815	1211.5	
1816	1211.5	
1817	1211.5	
1818	1211.5	
1819	1211.5	
1820	1211.5	
1821	1211.5	
1822	1211.4	
1823	1211.5	
1824	1211.5	
1825	1211.5	
1826	1211.5	
1827	1211.5	
1828	1211.4	
1829	1211.5	
1830	1211.5	
1831	1211.5	
1832	1211.5	
1833	1211.5	
1834	1211.5	
1835	1211.5	
1836	1211.5	
1837	1211.4	
1838	1211.5	
1839	1211.4	
1840	1211.4	
1841	1211.4	
1842	1211.4	
1843	1211.5	
1844	1211.4	
1845	1211.4	
1846	1211.5	
1847	1211.5	
1848	1211.4	
1849	1211.5	
1850	1211.5	
1851	1211.5	
1852	1211.4	
1853	1211.4	
1854	1211.5	
1855	1211.5	
1856	1211.4	
1857	1211.5	
1858	1211.4	
1859	1211.5	
1860	1211.4	
1861	1211.4	
1862	1211.4	
1863	1211.4	
1864	1211.5	
1865	1211.5	
1866	1211.4	
1867	1211.4	
1868	1211.4	
1869	1211.5	
1870	1211.4	
1871	1211.5	
1872	1211.4	
1873	1211.4	
1874	1211.4	
1875	1211.3	
1876	1211.3	
1877	1211.4	
1878	1211.4	
1879	1211.5	
1880	1211.4	
1881	1211.5	
1882	1211.4	
1883	1211.4	
1884	1211.5	
1885	1211.4	
1886	1211.4	
1887	1211.5	
1888	1211.5	
1889	1211.3	
1890	1211.4	
1891	1211.4	
1892	1211.4	
1893	1211.5	
1894	1211.4	
1895	1211.4	
1896	1211.4	
1897	1211.4	
1898	1211.4	
1899	1211.3	
1900	1211.4	
1901	1211.4	
1902	1211.4	
1903	1211.4	
1904	1211.4	
1905	1211.4	
1906	1211.4	
1907	1211.4	
1908	1211.5	
1909	1211.4	
1910	1211.4	
1911	1211.4	
1912	1211.4	
1913	1211.4	
1914	1211.4	
1915	1211.4	
1916	1211.4	
1917	1211.4	
1918	1211.4	
1919	1211.4	
1920	1211.4	
1921	1211.4	
1922	1211.5	
1923	1211.4	
1924	1211.5	
1925	1211.4	
1926	1211.4	
1927	1211.5	
1928	1211.4	
1929	1211.4	
1930	1211.5	
1931	1211.4	
1932	1211.5	
1933	1211.4	
1934	1211.4	
1935	1211.5	
1936	1211.5	
1937	1211.4	
1938	1211.5	
1939	1211.5	
1940	1211.5	
1941	1211.5	
1942	1211.4	
1943	1211.4	
1944	1211.5	
1945	1211.5	
1946	1211.4	
1947	1211.5	
1948	1211.5	
1949	1211.5	
1950	1211.5	
1951	1211.5	
1952	1211.5	
1953	1211.5	
1954	1211.5	
1955	1211.5	
1956	1211.4	
1957	1211.5	
1958	1211.5	
1959	1211.5	
1960	1211.5	
1961	1211.5	
1962	1211.5	
1963	1211.4	
1964	1211.5	
1965	1211.5	
1966	1211.4	
1967	1211.4	
1968	1211.6	
1969	1211.5	
1970	1211.5	
1971	1211.5	
1972	1211.5	
1973	1211.5	
1974	1211.5	
1975	1211.5	
1976	1211.5	
1977	1211.5	
1978	1211.5	
1979	1211.5	
1980	1211.5	
1981	1211.6	
1982	1211.5	
1983	1211.5	
1984	1211.5	
1985	1211.5	
1986	1211.5	
1987	1211.4	
1988	1211.5	
1989	1211.4	
1990	1211.5	
1991	1211.5	
1992	1211.5	
1993	1211.5	
1994	1211.5	
1995	1211.4	
1996	1211.5	
1997	1211.5	
1998	1211.5	
1999	1211.5	
2000	1211.5	
2001	1211.5	
2002	1211.5	
2003	1211.5	
2004	1211.5	
2005	1211.5	
2006	1211.6	
2007	1211.5	
2008	1211.5	
2009	1211.5	
2010	1211.5	
2011	1211.5	
2012	1211.5	
2013	1211.5	
2014	1211.5	
2015	1211.5	
2016	1211.5	
2017	1211.5	
2018	1211.5	
2019	1211.5	
2020	1211.5	
2021	1211.5	
2022	1211.5	
2023	1211.5	
2024	1211.4	
2025	1211.5	
2026	1211.5	
2027	1211.5	
2028	1211.5	
2029	1211.4	
2030	1211.5	
2031	1211.4	
2032	1211.5	
2033	1211.4	
2034	1211.4	
2035	1211.4	
2036	1211.4	
2037	1211.5	
2038	1211.5	
2039	1211.5	
2040	1211.5	
2041	1211.5	
2042	1211.5	
2043	1211.5	
2044	1211.4	
2045	1211.5	
2046	1211.4	
2047	1211.5	
2048	1211.5	
2049	1211.5	
2050	1211.4	
2051	1211.5	
2052	1211.4	
2053	1211.5	
2054	1211.4	
2055	1211.4	
2056	1211.4	
2057	1211.5	
2058	1211.5	
2059	1211.5	
2060	1211.5	
2061	1211.5	
2062	1211.5	
2063	1211.5	
2064	1211.5	
2065	1211.5	
2066	1211.5	
2067	1211.5	
2068	1211.4	
2069	1211.5	
2070	1211.4	
2071	1211.3	
2072	1211.4	
2073	1211.4	
2074	1211.5	
2075	1211.5	
2076	1211.5	
2077	1211.4	
2078	1211.4	
2079	1211.5	
2080	1211.5	
2081	1211.4	
2082	1211.4	
2083	1211.3	
2084	1211.5	
2085	1211.4	
2086	1211.4	
2087	1211.4	
2088	1211.5	
2089	1211.4	
2090	1211.4	
2091	1211.4	
2092	1211.4	
2093	1211.4	
2094	1211.4	
2095	1211.4	
2096	1211.4	
2097	1211.4	
2098	1211.4	
2099	1211.5	
2100	1211.4	
2101	1211.4	
2102	1211.4	
2103	1211.5	
2104	1211.4	
2105	1211.4	
2106	1211.4	
2107	1211.5	
2108	1211.4	
2109	1211.4	
2110	1211.4	
2111	1211.4	
2112	1211.4	
2113	1211.5	
2114	1211.4	
2115	1211.4	
2116	1211.4	
2117	1211.4	
2118	1211.4	
2119	1211.4	
2120	1211.4	
2121	1211.4	
2122	1211.5	
2123	1211.3	
2124	1211.4	
2125	1211.4	
2126	1211.5	
2127	1211.4	
2128	1211.4	
2129	1211.5	
2130	1211.4	
2131	1211.4	
2132	1211.4	
2133	1211.4	
2134	1211.5	
2135	1211.4	
2136	1211.5	
2137	1211.4	
2138	1211.4	
2139	1211.4	
2140	1211.5	
2141	1211.4	
2142	1211.5	
2143	1211.5	
2144	1211.5	
2145	1211.4	
2146	1211.5	
2147	1211.5	
2148	1211.5	
2149	1211.5	
2150	1211.5	
2151	1211.5	
2152	1211.5	
2153	1211.5	
2154	1211.5	
2155	1211.5	
2156	1211.5	
2157	1211.5	
2158	1211.5	
2159	1211.4	
2160	1211.5	
2161	1211.4	
2162	1211.4	
2163	1211.5	
2164	1211.5	
2165	1211.5	
2166	1211.5	
2167	1211.5	
2168	1211.4	
2169	1211.5	
2170	1211.5	
2171	1211.5	
2172	1211.5	
2173	1211.6	
2174	1211.5	
2175	1211.4	
2176	1211.4	
2177	1211.4	
2178	1211.5	
2179	1211.5	
2180	1211.5	
2181	1073.4	
2182	1044.5	
2183	1026	
2184	1024.2	
2185	1031.4	
2186	1034	
2187	1035.6	
2188	1036.3	
2189	1036.5	
2190	1036.3	
2191	1035.8	
2192	1035.4	
2193	1034.9	
2194	1034.3	
2195	1033.9	
2196	1033.3	
2197	1032.9	
2198	1032.5	
2199	1032.1	
2200	1031.7	
2201	1031.3	
2202	1031.1	
2203	1030.7	
2204	1030.6	
2205	1030.3	
2206	1029.9	
2207	1029.8	
2208	1029.6	
2209	1029.4	
2210	1029.2	
2211	1029	
2212	1028.9	
2213	1028.7	
2214	1028.5	
2215	1028.3	
2216	1028.2	
2217	1028.1	
2218	1027.9	
2219	1027.7	
2220	1027.6	
2221	1027.4	
2222	1027.3	
2223	1027	
2224	1027	
2225	1026.9	
2226	1026.8	
2227	1026.7	
2228	1026.5	
2229	1026.3	
2230	1026.5	
2231	1026.2	
2232	1026.2	
2233	1026	
2234	1026	
2235	1025.9	
2236	1025.8	
2237	1025.7	
2238	1025.6	
2239	1025.6	
2240	1025.5	
2241	1025.4	
2242	1025.3	
2243	1025.3	
2244	1025.2	
2245	1025.1	
2246	1025.1	
2247	1025	
2248	1024.9	
2249	1024.8	
2250	1024.8	
2251	1024.7	
2252	1024.6	
2253	1024.6	
2254	1024.6	
2255	1024.4	
2256	1024.4	
2257	1024.3	
2258	1024.2	
2259	1024.3	
2260	1024.2	
2261	1024.2	
2262	1024.1	
2263	1024	
2264	1024	
2265	1023.9	
2266	1023.8	
2267	1023.7	
2268	1023.7	
2269	1023.7	
2270	1023.6	
2271	1023.6	
2272	1023.6	
2273	1023.4	
2274	1023.4	
2275	1023.4	
2276	1023.4	
2277	1023.3	
2278	1023.2	
2279	1023.3	
2280	1023.3	
2281	1023.2	
2282	1023.3	
2283	1023.2	
2284	1023.2	
2285	1023.2	
2286	1023.2	
2287	1023.1	
2288	1023.1	
2289	1023	
2290	1023	
2291	1023	
2292	1023	
2293	1023	
2294	1022.9	
2295	1022.8	
2296	1022.8	
2297	1022.9	
2298	1022.9	
2299	1022.8	
2300	1022.8	
2301	1022.8	
2302	1022.7	
2303	1022.8	
2304	1022.7	
2305	1022.7	
2306	1022.6	
2307	1022.6	
2308	1022.6	
2309	1022.7	
2310	1022.6	
2311	1022.6	
2312	1022.5	
2313	1022.5	
2314	1022.5	
2315	1022.4	
2316	1022.4	
2317	1022.3	
2318	1022.4	
2319	1022.3	
2320	1022.3	
2321	1022.3	
2322	1022.1	
2323	1022.3	
2324	1022.1	
2325	1022.2	
2326	1022.1	
2327	1022.1	
2328	1022.1	
2329	1022.1	
2330	1022	
2331	1022	
2332	1022	
2333	1021.9	
2334	1022	
2335	1021.9	
2336	1021.9	
2337	1021.9	
2338	1021.9	
2339	1021.8	
2340	1021.7	
2341	1021.6	
2342	1021.7	
2343	1021.6	
2344	1021.7	
2345	1021.6	
2346	1021.5	
2347	1021.6	
2348	1021.6	
2349	1021.6	
2350	1021.6	
2351	1021.5	
2352	1021.5	
2353	1021.4	
2354	1021.4	
2355	1021.5	
2356	1021.4	
2357	1021.4	
2358	1021.3	
2359	1021.4	
2360	1021.4	
2361	1021.4	
2362	1021.4	
2363	1021.3	
2364	1021.2	
2365	1048.1	
2366	1072.6	
2367	802.59	
2368	394.71	
2369	198.28	
2370	102.5	
2371	55.033	
2372	30.769	
2373	17.861	
2374	10.787	
2375	6.4716	
2376	3.7509	
2377	1.9571	
2378	0	
2379	0	
2380	-1.047	
2381	-1.663	
2382	-2.1166	
2383	64.75	
2384	283.94	
2385	625.8	
2386	965.56	
2387	1264.9	
2388	1264.3	
2389	1263.1	
2390	1221.8	
2391	1213.8	
2392	1212.5	
2393	1212.6	
2394	1212.6	
2395	1212.6	
2396	1212.5	
2397	1212.5	
2398	1212.4	
2399	1212.5	
2400	1212.4	
2401	1212.5	
2402	1212.4	
2403	1212.4	
2404	1212.4	
2405	1212.4	
2406	1212.3	
2407	1212.3	
2408	1212.4	
2409	1212.3	
2410	1212.3	
2411	1212.3	
2412	1212.3	
2413	1212.3	
2414	1212.3	
2415	1212.3	
2416	1212.3	
2417	1212.3	
2418	1212.3	
2419	1212.3	
2420	1212.2	
2421	1212.2	
2422	1212.2	
2423	1212.2	
2424	1212.3	
2425	1212.3	
2426	1212.3	
2427	1212.2	
2428	1212.2	
2429	1212.3	
2430	1212.1	
2431	1212.2	
2432	1212.2	
2433	1212.2	
2434	1212.1	
2435	1212.2	
2436	1212.2	
2437	1212.2	
2438	1212.2	
2439	1212.2	
2440	1212.2	
2441	1212.3	
2442	1212.2	
2443	1212.2	
2444	1212.2	
2445	1212.2	
2446	1212.3	
2447	1212.2	
2448	1212.2	
2449	1212.2	
2450	1212.2	
2451	1212.2	
2452	1212.2	
2453	1212.2	
2454	1212.2	
2455	1212.2	
2456	1212.2	
2457	1212.2	
2458	1212.2	
2459	1212.2	
2460	1212.2	
2461	1212.2	
2462	1212.2	
2463	1212.1	
2464	1212.2	
2465	1212.2	
2466	1212.2	
2467	1212.1	
2468	1212.2	
2469	1212.1	
2470	1212.2	
2471	1212.2	
2472	1212.2	
2473	1212.1	
2474	1212.2	
2475	1212.2	
2476	1212.2	
2477	1212.2	
2478	1212.2	
2479	1212.1	
2480	1212.2	
2481	1212.1	
2482	1212.2	
2483	1212.1	
2484	1212.2	
2485	1212.2	
2486	1212.1	
2487	1212.2	
2488	1212.2	
2489	1212.2	
2490	1212.1	
2491	1212.1	
2492	1212.2	
2493	1212.2	
2494	1212.2	
2495	1212.2	
2496	1212.1	
2497	1212.1	
2498	1212.1	
2499	1212.2	
2500	1212.1	
2501	1212.1	
2502	1212.1	
2503	1212.1	
2504	1212.2	
2505	1212.1	
2506	1212.1	
2507	1212.1	
2508	1212.1	
2509	1212.1	
2510	1212.1	
2511	1212.2	
2512	1212.1	
2513	1212.1	
2514	1212.1	
2515	1212.1	
2516	1212	
2517	1212.1	
2518	1212	
2519	1212.1	
2520	1212.1	
2521	1212.1	
2522	1212.1	
2523	1212.1	
2524	1212.1	
2525	1212	
2526	1212.1	
2527	1212.1	
2528	1212.1	
2529	1212.1	
2530	1212.1	
2531	1212.1	
2532	1212.1	
2533	1212.1	
2534	1212.1	
2535	1212	
2536	1212.1	
2537	1212.1	
2538	1212.1	
2539	1212.1	
2540	1212.1	
2541	1212.1	
2542	1212.1	
2543	1212	
2544	1212.1	
2545	1212	
2546	1212	
2547	1212	
2548	1212	
2549	1212.1	
2550	1212.1	
2551	1212	
2552	1212.1	
2553	1212	
2554	1212	
2555	1212	
2556	1212	
2557	1212	
2558	1212	
2559	1212	
2560	1212.1	
2561	1212	
2562	1212	
2563	1212	
2564	1212	
2565	1212	
2566	1212	
2567	1212	
2568	1212	
2569	1212	
2570	1212	
2571	1212	
2572	1212	
2573	1212	
2574	1212	
2575	1212	
2576	1212	
2577	1212	
2578	1212	
2579	1212	
2580	1212	
2581	1212	
2582	1211.9	
2583	1212	
2584	1212	
2585	1211.9	
2586	1212	
2587	1212	
2588	1212	
2589	1212	
2590	1212	
2591	1212	
2592	1211.9	
2593	1212	
2594	1212	
2595	1212	
2596	1212	
2597	1212	
2598	1212	
2599	1211.9	
2600	1212	
2601	1212	
2602	1212	
2603	1212	
2604	1212	
2605	1212	
2606	1212	
2607	1212.1	
2608	1212	
2609	1212.1	
2610	1212.1	
2611	1212	
2612	1212	
2613	1211.9	
2614	1212	
2615	1212	
2616	1212	
2617	1212	
2618	1212	
2619	1212	
2620	1212.1	
2621	1212	
2622	1212.1	
2623	1212	
2624	1212	
2625	1212	
2626	1212	
2627	1212	
2628	1212	
2629	1212.1	
2630	1212	
2631	1212	
2632	1212	
2633	1212	
2634	1212	
2635	1212	
2636	1212.1	
2637	1212	
2638	1212	
2639	1212	
2640	1212	
2641	1212	
2642	1212.1	
2643	1212	
2644	1212	
2645	1212.1	
2646	1212	
2647	1212	
2648	1212.1	
2649	1212	
2650	1212.1	
2651	1212	
2652	1212.1	
2653	1212.1	
2654	1212	
2655	1212.1	
2656	1212	
2657	1212	
2658	1212	
2659	1212	
2660	1212	
2661	1211.9	
2662	1212	
2663	1212	
2664	1212	
2665	1212	
2666	1212	
2667	1212.1	
2668	1212	
2669	1212	
2670	1212	
2671	1212	
2672	1212	
2673	1212	
2674	1212	
2675	1212	
2676	1212	
2677	1212	
2678	1212	
2679	1212	
2680	1212	
2681	1212	
2682	1212.1	
2683	1212	
2684	1212	
2685	1212	
2686	1212	
2687	1212	
2688	1212	
2689	1212	
2690	1212	
2691	1212	
2692	1211.9	
2693	1211.9	
2694	1212	
2695	1211.9	
2696	1212	
2697	1212	
2698	1212	
2699	1212	
2700	1212	
2701	1212	
2702	1211.9	
2703	1212	
2704	1211.9	
2705	1212	
2706	1212	
2707	1211.9	
2708	1212	
2709	1211.9	
2710	1212	
2711	1212	
2712	1211.9	
2713	1212	
2714	1211.9	
2715	1211.9	
2716	1212	
2717	1212	
2718	1211.9	
2719	1212	
2720	1212	
2721	1211.9	
2722	1211.9	
2723	1212	
2724	1212	
2725	1212	
2726	1211.9	
2727	1212	
2728	1211.9	
2729	1211.9	
2730	1212	
2731	1211.9	
2732	1211.9	
2733	1212	
2734	1211.9	
2735	1212	
2736	1211.8	
2737	1211.9	
2738	1211.9	
2739	1211.9	
2740	1211.9	
2741	1211.9	
2742	1211.9	
2743	1212	
2744	1211.9	
2745	1211.9	
2746	1212	
2747	1211.9	
2748	1211.9	
2749	1211.9	
2750	1211.9	
2751	1211.9	
2752	1211.9	
2753	1211.9	
2754	1211.9	
2755	1211.9	
2756	1211.9	
2757	1211.9	
2758	1211.9	
2759	1211.9	
2760	1211.9	
2761	1211.9	
2762	1212	
2763	1211.9	
2764	1211.9	
2765	1211.8	
2766	1211.9	
2767	1211.9	
2768	1211.9	
2769	1211.9	
2770	1211.9	
2771	1211.8	
2772	1211.9	
2773	1211.9	
2774	1211.9	
2775	1211.8	
2776	1211.9	
2777	1211.9	
2778	1211.9	
2779	1211.9	
2780	1211.9	
2781	1211.9	
2782	1211.8	
2783	1211.8	
2784	1211.9	
2785	1211.9	
2786	1211.9	
2787	1211.8	
2788	1211.8	
2789	1211.9	
2790	1211.8	
2791	1211.8	
2792	1211.9	
2793	1211.9	
2794	1211.9	
2795	1211.9	
2796	1211.9	
2797	1211.9	
2798	1211.9	
2799	1211.9	
2800	1211.8	
2801	1211.9	
2802	1212	
2803	1211.9	
2804	1211.9	
2805	1211.9	
2806	1211.9	
2807	1211.9	
2808	1212	
2809	1211.9	
2810	1211.9	
2811	1211.9	
2812	1211.9	
2813	1211.9	
2814	1211.9	
2815	1211.9	
2816	1212	
2817	1211.9	
2818	1212	
2819	1212	
2820	1211.9	
2821	1211.9	
2822	1211.9	
2823	1212	
2824	1212	
2825	1212	
2826	1211.9	
2827	1212	
2828	1212	
2829	1212	
2830	1212	
2831	1211.9	
2832	1212	
2833	1211.9	
2834	1211.9	
2835	1212	
2836	1211.9	
2837	1212	
2838	1211.9	
2839	1211.9	
2840	1212	
2841	1211.9	
2842	1212	
2843	1211.9	
2844	1212	
2845	1212	
2846	1212	
2847	1212	
2848	1211.9	
2849	1211.9	
2850	1212	
2851	1212	
2852	1211.9	
2853	1212	
2854	1212	
2855	1212	
2856	1212	
2857	1212.1	
2858	1211.9	
2859	1211.9	
2860	1212	
2861	1211.9	
2862	1211.9	
2863	1211.9	
2864	1212	
2865	1211.9	
2866	1211.9	
2867	1211.9	
2868	1211.9	
2869	1212	
2870	1212	
2871	1212	
2872	1212	
2873	1211.9	
2874	1212	
2875	1212	
2876	1211.9	
2877	1211.9	
2878	1212	
2879	1212	
2880	1212	
2881	1211.9	
2882	1211.9	
2883	1212	
2884	1211.9	
2885	1211.9	
2886	1211.9	
2887	1212	
2888	1211.9	
2889	1211.9	
2890	1212	
2891	1211.9	
2892	1212	
2893	1212	
2894	1211.9	
2895	1212	
2896	1211.9	
2897	1212	
2898	1211.9	
2899	1212	
2900	1211.9	
2901	1211.9	
2902	1211.9	
2903	1211.9	
2904	1212	
2905	1211.9	
2906	1211.9	
2907	1212	
2908	1211.9	
2909	1211.9	
2910	1211.9	
2911	1211.9	
2912	1211.9	
2913	1211.9	
2914	1211.9	
2915	1211.9	
2916	1212	
2917	1211.9	
2918	1211.9	
2919	1211.9	
2920	1211.8	
2921	1212	
2922	1211.9	
2923	1211.9	
2924	1211.9	
2925	1211.9	
2926	1211.9	
2927	1211.9	
2928	1211.8	
2929	1211.8	
2930	1211.9	
2931	1211.9	
2932	1211.9	
2933	1211.9	
2934	1211.9	
2935	1211.9	
2936	1211.9	
2937	1211.9	
2938	1211.8	
2939	1211.9	
2940	1211.9	
2941	1211.9	
2942	1211.8	
2943	1211.9	
2944	1211.9	
2945	1211.9	
2946	1211.9	
2947	1211.8	
2948	1211.9	
2949	1211.9	
2950	1211.9	
2951	1211.8	
2952	1211.8	
2953	1211.9	
2954	1211.8	
2955	1211.8	
2956	1211.9	
2957	1211.9	
2958	1211.8	
2959	1211.9	
2960	1211.8	
2961	1211.9	
2962	1211.8	
2963	1211.9	
2964	1211.9	
2965	1211.9	
2966	1211.8	
2967	1211.8	
2968	1211.9	
2969	1211.9	
2970	1211.9	
2971	1211.8	
2972	1211.8	
2973	1211.8	
2974	1211.9	
2975	1211.9	
2976	1211.9	
2977	1211.8	
2978	1211.8	
2979	1211.8	
2980	1211.9	
2981	1211.9	
2982	1211.9	
2983	1211.9	
2984	1211.9	
2985	1211.9	
2986	1211.9	
2987	1212	
2988	1211.9	
2989	1211.9	
2990	1211.9	
2991	1211.9	
2992	1211.9	
2993	1211.9	
2994	1211.9	
2995	1211.8	
2996	1211.9	
2997	1211.8	
2998	1211.9	
2999	1211.9	
3000	1212	
3001	1211.9	
3002	1211.9	
3003	1211.9	
3004	1211.9	
3005	1212	
3006	1212	
3007	1211.9	
3008	1211.9	
3009	1211.9	
3010	1211.9	
3011	1211.9	
3012	1211.9	
3013	1211.9	
3014	1211.9	
3015	1211.9	
3016	1211.9	
3017	1211.9	
3018	1212	
3019	1212	
3020	1211.9	
3021	1211.9	
3022	1212	
3023	1212	
3024	1212	
3025	1211.9	
3026	1212	
3027	1211.9	
3028	1211.9	
3029	1211.9	
3030	1211.9	
3031	1211.9	
3032	1212	
3033	1211.9	
3034	1211.9	
3035	1211.9	
3036	1212	
3037	1211.9	
3038	1211.9	
3039	1211.9	
3040	1211.9	
3041	1212	
3042	1211.9	
3043	1211.9	
3044	1211.9	
3045	1211.9	
3046	1212	
3047	1211.9	
3048	1211.9	
3049	1211.9	
3050	1212	
3051	1211.9	
3052	1211.8	
3053	1211.9	
3054	1211.9	
3055	1211.9	
3056	1211.9	
3057	1211.9	
3058	1211.9	
3059	1211.9	
3060	1211.9	
3061	1211.9	
3062	1211.9	
3063	1211.9	
3064	1211.9	
3065	1211.9	
3066	1211.9	
3067	1211.9	
3068	1211.9	
3069	1211.8	
3070	1211.9	
3071	1211.9	
3072	1211.9	
3073	1211.9	
3074	1211.9	
3075	1211.9	
3076	1211.9	
3077	1211.9	
3078	1211.9	
3079	1211.9	
3080	1211.8	
3081	1211.9	
3082	1211.8	
3083	1211.9	
3084	1211.9	
3085	1211.8	
3086	1211.9	
3087	1212	
3088	1211.9	
3089	1212	
3090	1211.9	
3091	1211.8	
3092	1211.9	
3093	1211.8	
3094	1211.9	
3095	1211.9	
3096	1211.8	
3097	1211.9	
3098	1211.9	
3099	1211.8	
3100	1211.8	
3101	1211.8	
3102	1211.8	
3103	1211.9	
3104	1211.8	
3105	1211.9	
3106	1211.9	
3107	1211.8	
3108	1211.9	
3109	1211.8	
3110	1211.8	
3111	1211.9	
3112	1211.9	
3113	1211.8	
3114	1211.8	
3115	1211.8	
3116	1211.9	
3117	1211.8	
3118	1211.8	
3119	1211.8	
3120	1211.9	
3121	1211.8	
3122	1211.8	
3123	1211.8	
3124	1211.8	
3125	1211.8	
3126	1211.8	
3127	1211.8	
3128	1211.7	
3129	1211.8	
3130	1211.8	
3131	1211.8	
3132	1211.8	
3133	1211.8	
3134	1211.8	
3135	1211.8	
3136	1211.8	
3137	1211.7	
3138	1211.8	
3139	1211.8	
3140	1211.8	
3141	1211.8	
3142	1211.8	
3143	1211.8	
3144	1211.8	
3145	1211.8	
3146	1211.8	
3147	1211.8	
3148	1211.8	
3149	1211.8	
3150	1211.9	
3151	1211.8	
3152	1211.8	
3153	1211.7	
3154	1211.7	
3155	1211.8	
3156	1211.9	
3157	1211.8	
3158	1211.7	
3159	1211.8	
3160	1211.8	
3161	1211.8	
3162	1211.8	
3163	1211.8	
3164	1211.8	
3165	1211.8	
3166	1211.7	
3167	1211.8	
3168	1211.8	
3169	1211.8	
3170	1211.8	
3171	1211.7	
3172	1211.8	
3173	1211.8	
3174	1211.8	
3175	1211.8	
3176	1211.8	
3177	1211.9	
3178	1211.8	
3179	1211.8	
3180	1211.9	
3181	1211.9	
3182	1211.8	
3183	1211.8	
3184	1211.8	
3185	1211.8	
3186	1211.8	
3187	1211.8	
3188	1211.8	
3189	1211.8	
3190	1211.8	
3191	1211.8	
3192	1211.9	
3193	1211.9	
3194	1211.8	
3195	1211.7	
3196	1211.9	
3197	1211.8	
3198	1211.9	
3199	1211.9	
3200	1211.8	
3201	1211.8	
3202	1211.9	
3203	1211.9	
3204	1211.8	
3205	1211.9	
3206	1211.9	
3207	1211.9	
3208	1211.9	
3209	1211.8	
3210	1211.8	
3211	1211.9	
3212	1211.9	
3213	1211.9	
3214	1211.9	
3215	1211.9	
3216	1211.9	
3217	1211.9	
3218	1211.9	
3219	1211.8	
3220	1211.9	
3221	1211.8	
3222	1211.9	
3223	1211.9	
3224	1211.9	
3225	1211.9	
3226	1211.9	
3227	1211.9	
3228	1211.9	
3229	1211.9	
3230	1211.9	
3231	1211.8	
3232	1211.9	
3233	1211.8	
3234	1211.9	
3235	1211.8	
3236	1211.9	
3237	1211.9	
3238	1211.9	
3239	1211.9	
3240	1211.9	
3241	1211.9	
3242	1211.9	
3243	1211.9	
3244	1211.9	
3245	1211.8	
3246	1211.9	
3247	1211.9	
3248	1211.8	
3249	1211.8	
3250	1211.8	
3251	1211.9	
3252	1211.9	
3253	1211.9	
3254	1211.8	
3255	1211.9	
3256	1211.9	
3257	1211.8	
3258	1211.9	
3259	1211.9	
3260	1211.9	
3261	1211.9	
3262	1211.8	
3263	1211.9	
3264	1211.9	
3265	1211.8	
3266	1211.9	
3267	1211.8	
3268	1211.8	
3269	1211.9	
3270	1211.9	
3271	1211.8	
3272	1211.9	
3273	1211.9	
3274	1211.9	
3275	1211.9	
3276	1211.9	
3277	1211.8	
3278	1211.8	
3279	1211.8	
3280	1211.8	
3281	1211.8	
3282	1211.8	
3283	1211.9	
3284	1211.9	
3285	1211.8	
3286	1211.8	
3287	1211.8	
3288	1211.8	
3289	1211.7	
3290	1211.9	
3291	1211.8	
3292	1211.8	
3293	1211.8	
3294	1211.8	
3295	1211.8	
3296	1211.8	
3297	1211.8	
3298	1211.8	
3299	1211.8	
3300	1211.8	
3301	1211.8	
3302	1211.8	
3303	1211.8	
3304	1211.8	
3305	1211.7	
3306	1211.8	
3307	1211.7	
3308	1211.8	
3309	1211.8	
3310	1211.8	
3311	1211.8	
3312	1211.8	
3313	1211.8	
3314	1211.8	
3315	1211.8	
3316	1211.8	
3317	1211.8	
3318	1211.8	
3319	1211.8	
3320	1211.7	
3321	1211.8	
3322	1211.8	
3323	1211.8	
3324	1211.8	
3325	1211.7	
3326	1211.8	
3327	1211.8	
3328	1211.8	
3329	1211.7	
3330	1211.7	
3331	1211.7	
3332	1211.7	
3333	1211.8	
3334	1211.7	
3335	1211.8	
3336	1211.7	
3337	1211.7	
3338	1211.8	
3339	1211.7	
3340	1211.8	
3341	1211.8	
3342	1211.8	
3343	1211.7	
3344	1211.7	
3345	1211.8	
3346	1211.8	
3347	1211.7	
3348	1211.8	
3349	1211.7	
3350	1211.7	
3351	1211.7	
3352	1211.7	
3353	1211.7	
3354	1211.7	
3355	1211.8	
3356	1211.6	
3357	1211.7	
3358	1211.7	
3359	1211.7	
3360	1211.7	
3361	1211.8	
3362	1211.7	
3363	1211.7	
3364	1211.7	
3365	1211.7	
3366	1211.7	
3367	1211.7	
3368	1211.7	
3369	1211.7	
3370	1211.7	
3371	1211.7	
3372	1211.8	
3373	1211.7	
3374	1211.7	
3375	1211.7	
3376	1211.7	
3377	1211.7	
3378	1211.7	
3379	1211.7	
3380	1211.6	
3381	1211.7	
3382	1211.7	
3383	1211.6	
3384	1211.6	
3385	1211.7	
3386	1211.7	
3387	1211.7	
3388	1211.7	
3389	1211.7	
3390	1211.7	
3391	1211.6	
3392	1211.7	
3393	1211.6	
3394	1211.6	
3395	1211.6	
3396	1211.7	
3397	1211.6	
3398	1211.6	
3399	1211.7	
3400	1211.7	
3401	1211.7	
3402	1211.7	
3403	1211.6	
3404	1211.6	
3405	1211.7	
3406	1211.6	
3407	1211.6	
3408	1211.6	
3409	1211.6	
3410	1211.6	
3411	1211.5	
3412	1211.6	
3413	1211.6	
3414	1211.6	
3415	1211.6	
3416	1211.7	
3417	1211.7	
3418	1211.6	
3419	1211.7	
3420	1211.6	
3421	1211.6	
3422	1211.6	
3423	1211.7	
3424	1211.6	
3425	1211.6	
3426	1211.6	
3427	1211.6	
3428	1211.6	
3429	1211.7	
3430	1211.6	
3431	1211.6	
3432	1211.6	
3433	1211.6	
3434	1211.7	
3435	1211.7	
3436	1211.6	
3437	1211.7	
3438	1211.6	
3439	1211.6	
3440	1211.7	
3441	1211.7	
3442	1211.7	
3443	1211.6	
3444	1211.6	
3445	1211.7	
3446	1211.6	
3447	1211.6	
3448	1211.6	
3449	1211.6	
3450	1211.7	
3451	1211.7	
3452	1211.7	
3453	1211.7	
3454	1211.7	
3455	1211.7	
3456	1211.6	
3457	1211.7	
3458	1211.7	
3459	1211.6	
3460	1211.6	
3461	1211.6	
3462	1211.7	
3463	1211.8	
3464	1211.7	
3465	1211.7	
3466	1211.6	
3467	1211.7	
3468	1211.7	
3469	1211.7	
3470	1211.7	
3471	1211.7	
3472	1211.7	
3473	1211.7	
3474	1211.7	
3475	1211.7	
3476	1211.7	
3477	1211.7	
3478	1211.7	
3479	1211.8	
3480	1211.7	
3481	1211.7	
3482	1211.7	
3483	1211.8	
3484	1211.7	
3485	1211.8	
3486	1211.7	
3487	1211.7	
3488	1211.7	
3489	1211.7	
3490	1211.8	
3491	1211.7	
3492	1211.8	
3493	1211.7	
3494	1211.7	
3495	1211.7	
3496	1211.8	
3497	1211.7	
3498	1211.8	
3499	1211.7	
3500	1211.8	
3501	1211.8	
3502	1211.7	
3503	1211.8	
3504	1211.7	
3505	1211.8	
3506	1211.7	
3507	1211.8	
3508	1211.7	
3509	1211.8	
3510	1211.7	
3511	1211.7	
3512	1211.7	
3513	1211.7	
3514	1211.7	
3515	1211.8	
3516	1211.7	
3517	1211.7	
3518	1211.7	
3519	1211.7	
3520	1211.7	
3521	1211.7	
3522	1211.8	
3523	1211.7	
3524	1211.8	
3525	1211.7	
3526	1211.7	
3527	1211.7	
3528	1211.7	
3529	1211.8	
3530	1211.8	
3531	1211.7	
3532	1211.6	
3533	1211.7	
3534	1211.7	
3535	1211.7	
3536	1211.7	
3537	1211.7	
3538	1211.7	
3539	1211.7	
3540	1211.7	
3541	1211.6	
3542	1211.7	
3543	1211.7	
3544	1211.7	
3545	1211.7	
3546	1211.7	
3547	1211.7	
3548	1211.7	
3549	1211.7	
3550	1211.7	
3551	1211.7	
3552	1211.7	
3553	1211.7	
3554	1211.7	
3555	1211.7	
3556	1211.7	
3557	1211.7	
3558	1211.6	
3559	1211.6	
3560	1211.7	
3561	1211.6	
3562	1211.7	
3563	1211.8	
3564	1211.7	
3565	1211.7	
3566	1211.7	
3567	1211.7	
3568	1211.7	
3569	1211.7	
3570	1211.7	
3571	1211.7	
3572	1211.6	
3573	1211.7	
3574	1211.7	
3575	1211.7	
3576	1211.7	
3577	1211.7	
3578	1211.7	
3579	1211.8	
3580	1211.6	
3581	1211.7	
3582	1211.6	
3583	1211.6	
3584	1211.7	
3585	1211.7	
3586	1211.7	
3587	1211.7	
3588	1211.7	
3589	1211.7	
3590	1211.6	
3591	1211.6	
3592	1211.7	
3593	1211.6	
3594	1211.7	
3595	1211.7	
3596	1211.6	
3597	1211.6	
3598	1211.6	
3599	1211.6	
3600	1211.6	
3601	1211.6	
3602	1211.6	
3603	1211.6	
3604	1211.7	
3605	1211.7	
3606	1211.7	
3607	1211.7	
3608	1211.6	
3609	1211.6	
3610	1211.6	
3611	1211.7	
3612	1211.6	
3613	1211.6	
3614	1211.6	
3615	1211.6	
3616	1211.6	
3617	1211.7	
3618	1211.7	
3619	1211.6	
3620	1211.7	
3621	1211.6	
3622	1211.6	
3623	1211.6	
3624	1211.6	
3625	1211.6	
3626	1211.5	
3627	1211.5	
3628	1211.6	
3629	1211.6	
3630	1211.6	
3631	1211.6	
3632	1211.6	
3633	1211.5	
3634	1211.6	
3635	1211.5	
3636	1211.5	
3637	1211.6	
3638	1211.6	
3639	1211.6	
3640	1211.6	
3641	1211.6	
3642	1211.5	
3643	1211.6	
3644	1211.6	
3645	1211.5	
3646	1211.5	
3647	1211.5	
3648	1211.6	
3649	1211.5	
3650	1211.5	
3651	1211.5	
3652	1211.6	
3653	1211.6	
3654	1211.6	
3655	1211.6	
3656	1211.6	
3657	1211.6	
3658	1211.6	
3659	1211.6	
3660	1211.5	
3661	1211.6	
3662	1211.6	
3663	1211.6	
3664	1211.6	
3665	1211.5	
3666	1211.5	
3667	1211.6	
3668	1211.6	
3669	1211.6	
3670	1211.5	
3671	1211.5	
3672	1211.6	
3673	1211.5	
3674	1211.6	
3675	1211.5	
3676	1211.6	
3677	1211.5	
3678	1211.5	
3679	1211.5	
3680	1211.5	
3681	1211.6	
3682	1211.5	
3683	1211.5	
3684	1211.5	
3685	1211.5	
3686	1211.5	
3687	1211.5	
3688	1211.5	
3689	1211.5	
3690	1211.5	
3691	1211.5	
3692	1211.5	
3693	1211.5	
3694	1211.6	
3695	1211.5	
3696	1211.5	
3697	1211.5	
3698	1211.5	
3699	1211.5	
3700	1211.6	
3701	1211.5	
3702	1211.6	
3703	1211.6	
3704	1211.6	
3705	1211.6	
3706	1211.5	
3707	1211.6	
3708	1211.6	
3709	1211.6	
3710	1211.6	
3711	1211.6	
3712	1211.6	
3713	1211.6	
3714	1211.6	
3715	1211.6	
3716	1211.6	
3717	1211.6	
3718	1211.6	
3719	1211.6	
3720	1211.6	
3721	1211.6	
3722	1211.6	
3723	1211.6	
3724	1211.6	
3725	1211.6	
3726	1211.7	
3727	1211.6	
3728	1211.6	
3729	1211.7	
3730	1211.6	
3731	1211.6	
3732	1211.7	
3733	1211.7	
3734	1211.7	
3735	1211.7	
3736	1211.6	
3737	1211.7	
3738	1211.7	
3739	1211.7	
3740	1211.6	
3741	1211.7	
3742	1211.7	
3743	1211.6	
3744	1211.6	
3745	1211.6	
3746	1211.7	
3747	1211.7	
3748	1211.6	
3749	1211.7	
3750	1211.7	
3751	1211.7	
3752	1211.6	
3753	1211.7	
3754	1211.7	
3755	1211.7	
3756	1211.6	
3757	1211.6	
3758	1211.7	
3759	1211.6	
3760	1211.7	
3761	1211.7	
3762	1211.7	
3763	1211.7	
3764	1211.6	
3765	1211.7	
3766	1211.7	
3767	1211.6	
3768	1211.7	
3769	1211.6	
3770	1211.7	
3771	1211.6	
3772	1211.7	
3773	1211.6	
3774	1211.7	
3775	1211.7	
3776	1211.7	
3777	1211.8	
3778	1211.6	
3779	1211.6	
3780	1211.7	
3781	1211.7	
3782	1211.7	
3783	1211.7	
3784	1211.7	
3785	1211.6	
3786	1211.7	
3787	1211.7	
3788	1211.6	
3789	1211.7	
3790	1211.6	
3791	1211.7	
3792	1211.6	
3793	1211.7	
3794	1211.7	
3795	1211.8	
3796	1211.7	
3797	1211.6	
3798	1211.7	
3799	1211.6	
3800	1211.6	
3801	1211.7	
3802	1211.6	
3803	1211.7	
3804	1211.6	
3805	1211.7	
3806	1211.6	
3807	1211.7	
3808	1211.8	
3809	1211.6	
3810	1211.7	
3811	1211.6	
3812	1211.6	
3813	1211.6	
3814	1211.7	
3815	1211.6	
3816	1211.7	
3817	1211.7	
3818	1211.6	
3819	1211.6	
3820	1211.8	
3821	1211.6	
3822	1211.6	
3823	1211.6	
3824	1211.6	
3825	1211.7	
3826	1211.6	
3827	1211.7	
3828	1211.7	
3829	1211.7	
3830	1211.6	
3831	1211.7	
3832	1211.7	
3833	1107	
3834	1058.1	
3835	1055.8	
3836	1053.4	
3837	1055.9	
3838	1055	
3839	1053.9	
3840	1052.7	
3841	1051.6	
3842	1050.6	
3843	1049.8	
3844	1049	
3845	1048.3	
3846	1047.7	
3847	1047.1	
3848	1046.6	
3849	1046.3	
3850	1045.8	
3851	1045.5	
3852	1045.1	
3853	1044.8	
3854	1044.5	
3855	1044.1	
3856	1044	
3857	1043.7	
3858	1043.5	
3859	1043.3	
3860	1043.1	
3861	1042.9	
3862	1042.7	
3863	1042.5	
3864	1042.3	
3865	1042.1	
3866	1042	
3867	1041.8	
3868	1041.7	
3869	1041.4	
3870	1041.4	
3871	1041.3	
3872	1041.1	
3873	1041.1	
3874	1040.9	
3875	1040.9	
3876	1040.7	
3877	1040.6	
3878	1040.4	
3879	1040.5	
3880	1040.3	
3881	1040.2	
3882	1040.1	
3883	1040.1	
3884	1039.9	
3885	1039.9	
3886	1039.8	
3887	1039.7	
3888	1039.7	
3889	1039.7	
3890	1039.6	
3891	1039.5	
3892	1039.4	
3893	1039.3	
3894	1039.3	
3895	1039.2	
3896	1039.2	
3897	1039.1	
3898	1039	
3899	1039	
3900	1038.9	
3901	1038.8	
3902	1038.8	
3903	1038.7	
3904	1038.5	
3905	1038.5	
3906	1038.4	
3907	1038.4	
3908	1038.3	
3909	1038.3	
3910	1038.3	
3911	1038.2	
3912	1038.1	
3913	1038	
3914	1038	
3915	1037.9	
3916	1038	
3917	1037.9	
3918	1037.9	
3919	1037.8	
3920	1037.8	
3921	1037.7	
3922	1037.7	
3923	1037.8	
3924	1037.6	
3925	1037.6	
3926	1037.6	
3927	1037.5	
3928	1037.6	
3929	1037.5	
3930	1037.4	
3931	1037.4	
3932	1037.4	
3933	1037.3	
3934	1037.3	
3935	1037.3	
3936	1037.3	
3937	1037.2	
3938	1037.1	
3939	1037.1	
3940	1037.1	
3941	1037.1	
3942	1037	
3943	1037.1	
3944	1037	
3945	1037	
3946	1037	
3947	1036.9	
3948	1036.9	
3949	1036.8	
3950	1036.7	
3951	1036.8	
3952	1036.7	
3953	1036.7	
3954	1036.7	
3955	1036.7	
3956	1036.6	
3957	1036.6	
3958	1036.6	
3959	1036.5	
3960	1036.6	
3961	1036.5	
3962	1036.4	
3963	1036.5	
3964	1036.4	
3965	1036.4	
3966	1036.3	
3967	1036.3	
3968	1036.3	
3969	1036.2	
3970	1036.2	
3971	1036.2	
3972	1036.1	
3973	1036.2	
3974	1036.2	
3975	1036.1	
3976	1036	
3977	1036.1	
3978	1036	
3979	1036	
3980	1035.9	
3981	1036	
3982	1035.9	
3983	1035.9	
3984	1035.8	
3985	1035.8	
3986	1035.8	
3987	1035.7	
3988	1035.8	
3989	1035.7	
3990	1035.8	
3991	1035.7	
3992	1035.7	
3993	1035.7	
3994	1035.6	
3995	1035.7	
3996	1035.7	
3997	1035.7	
3998	1035.6	
3999	1035.6	
4000	1035.6	
4001	1035.5	
4002	1035.6	
4003	1035.5	
4004	1035.5	
4005	1035.4	
4006	1035.5	
4007	1035.4	
4008	1035.4	
4009	1035.4	
4010	1035.4	
4011	1035.4	
4012	1035.3	
4013	1035.4	
4014	1035.4	
4015	1035.4	
4016	1035.2	
4017	1028.8	
4018	1012	
4019	1003.2	
4020	1004.7	
4021	1004.9	
4022	1005	
4023	1005.1	
4024	1005.2	
4025	1005.2	
4026	1005.3	
4027	1005.4	
4028	1005.5	
4029	1005.4	
4030	1005.5	
4031	1005.5	
4032	1005.6	
4033	1005.7	
4034	1005.6	
4035	1005.7	
4036	1032.5	
4037	1031.5	
4038	1031.4	
4039	1031.4	
4040	1031.3	
4041	729.79	
4042	357.04	
4043	187.82	
4044	97.266	
4045	52.332	
4046	29.392	
4047	17.233	
4048	10.37	
4049	6.2373	
4050	3.6228	
4051	1.7697	
4052	0	
4053	0	
4054	-1.2293	
4055	-1.8036	
